==================================================================
A new Round
 
Initial Seed Type:  previous
Chosen Solver:  CoM
Number of LookAhead:  8
Flat Terrain, use the default set up of terrain tangent and norm
[0.3, 0.5, 0.3, 0.3, 0.5, 0.3, 0.3, 0.5, 0.3, 0.3, 0.5, 0.3, 0.3, 0.5, 0.3, 0.3, 0.5, 0.3, 0.3, 0.5, 0.3]
The  0 Round:
[[10.  -0.5 -0.5 10. ]
 [ 0.5  0.5 -0.5 -0.5]
 [ 0.   0.   0.   0. ]]
[[10.  -0.5 -0.5 10. ]
 [ 0.5  0.5 -0.5 -0.5]
 [ 0.   0.   0.   0. ]]
[[10.  -0.5 -0.5 10. ]
 [ 0.5  0.5 -0.5 -0.5]
 [ 0.   0.   0.   0. ]]
[[10.  -0.5 -0.5 10. ]
 [ 0.5  0.5 -0.5 -0.5]
 [ 0.   0.   0.   0. ]]
[[10.  -0.5 -0.5 10. ]
 [ 0.5  0.5 -0.5 -0.5]
 [ 0.   0.   0.   0. ]]
[[10.  -0.5 -0.5 10. ]
 [ 0.5  0.5 -0.5 -0.5]
 [ 0.   0.   0.   0. ]]
[[10.  -0.5 -0.5 10. ]
 [ 0.5  0.5 -0.5 -0.5]
 [ 0.   0.   0.   0. ]]
[[10.  -0.5 -0.5 10. ]
 [ 0.5  0.5 -0.5 -0.5]
 [ 0.   0.   0.   0. ]]

=======================================
           Academic License
       (NOT FOR COMMERCIAL USE)
         Artelys Knitro 10.3.0
=======================================

Knitro presolve eliminated 387 variables and 20523 constraints.

Knitro changing algorithm from AUTO to 1.
Knitro changing bar_initpt from AUTO to 3.
Knitro changing bar_murule from AUTO to 4.
Knitro changing bar_penaltycons from AUTO to 1.
Knitro changing bar_penaltyrule from AUTO to 2.
Knitro changing bar_switchrule from AUTO to 2.
Knitro changing linesearch from AUTO to 1.
Knitro changing linsolver from AUTO to 5.
Knitro shifted start point to satisfy presolved bounds (516 variables).
Knitro fixing 387 variables eliminated from the presolve.

Problem Characteristics                    ( Presolved)
-----------------------
Objective goal:  Minimize
Number of variables:                        2619 (      2232)
    bounded below only:                        0 (         0)
    bounded above only:                        0 (         0)
    bounded below and above:                2619 (      2232)
    fixed:                                     0 (         0)
    free:                                      0 (         0)
Number of constraints:                     39996 (     19475)
    linear equalities:                      1418 (       911)
    nonlinear equalities:                    294 (       294)
    linear one-sided inequalities:         38281 (     18270)
    nonlinear one-sided inequalities:          0 (         0)
    linear two-sided inequalities:             3 (         0)
    nonlinear two-sided inequalities:          0 (         0)
Number of nonzeros in Jacobian:           214180 (     92378)
Number of nonzeros in Hessian:              6267 (      4732)

  Iter      Objective      FeasError   OptError    ||Step||    CGits 
--------  --------------  ----------  ----------  ----------  -------
       0    3.605155e+03   1.589e+03
      10    3.002265e+03   1.270e+03   7.180e+01   2.006e+02        0
      20    2.542888e+03   1.058e+03   1.468e+03   1.137e+02        0
      30    2.331927e+03   9.498e+02   1.798e+04   2.316e+02        0
      40    2.193169e+03   8.811e+02   3.380e+05   1.711e+02        0
      50    2.091873e+03   8.295e+02   1.622e+05   1.171e+01        0
      60    2.031847e+03   7.993e+02   6.239e+05   1.925e+02        0
      70    1.970815e+03   7.632e+02   2.012e+04   1.792e+02        0
      80    1.845876e+03   6.961e+02   4.405e+04   1.464e+02        0
      90    1.768180e+03   6.531e+02   1.067e+05   1.207e+02        0
     100    1.676997e+03   5.945e+02   2.807e+04   2.338e+02      216
     110    1.619746e+03   5.584e+02   4.871e+04   8.721e+01        0
     120    1.549466e+03   5.081e+02   1.395e+05   1.521e+02        0
     130    1.481772e+03   4.604e+02   1.892e+05   2.334e+01        0
     140    1.380537e+03   3.857e+02   7.075e+05   8.000e+01        0
     150    1.329347e+03   3.383e+02   8.452e+05   6.942e+01        0
     160    1.310631e+03   3.156e+02   4.365e+04   9.848e+01        0
     170    1.286727e+03   2.815e+02   4.381e+04   4.931e+01        0
     180    1.249926e+03   2.321e+02   4.419e+04   1.081e+02        0
     190    1.237599e+03   2.119e+02   4.421e+04   1.911e+01        0
     200    1.220038e+03   1.833e+02   4.423e+04   7.155e+01        0
     210    1.185315e+03   1.452e+02   4.422e+04   8.788e+01        0
     220    1.163674e+03   1.338e+02   4.426e+04   3.500e+00        0
     230    1.156825e+03   1.269e+02   4.432e+04   4.270e+01        0
     240    1.149514e+03   1.180e+02   4.433e+04   1.046e+02        0
     250    1.139706e+03   1.084e+02   4.427e+04   7.342e+01        0
     260    1.129427e+03   9.410e+01   4.415e+04   1.548e+02        0
     270    1.115045e+03   8.458e+01   4.399e+04   6.684e+01        0
     280    1.103507e+03   7.601e+01   4.410e+04   1.100e+01        0
     290    1.094513e+03   7.152e+01   4.421e+04   9.440e+01        0
     300    1.092090e+03   6.658e+01   4.410e+04   2.727e+00        0
     310    1.092244e+03   6.240e+01   4.355e+04   1.346e+02        0
     320    1.082104e+03   4.883e+01   4.262e+04   3.557e+02        0
     330    1.082528e+03   4.008e+01   4.264e+04   2.625e+02        0
     340    1.092724e+03   3.051e+01   2.085e+05   2.524e+02        0
     350    1.088400e+03   8.276e+00   1.095e+05   2.749e+02        0
     360    4.642665e+02   8.442e-02   7.545e+01   1.227e+02        0
     370    4.273513e+02   8.991e-02   9.939e-01   2.177e+02        0
     380    4.259796e+02   2.089e-03   1.853e-03   1.299e+00        0
     390    4.259333e+02   9.863e-03   3.090e-03   1.155e+01        0
     400    4.259138e+02   5.230e-03   3.079e-03   4.345e+01        0
     410    4.259114e+02   1.480e-03   1.313e-03   1.899e+01        0
     420    4.259107e+02   1.306e-02   7.613e-04   2.907e+00        0
     430    4.259095e+02   1.994e-02   8.943e-05   5.039e+00        0
     440    4.259082e+02   2.999e-02   2.906e-04   5.337e+00        0
     450    4.259071e+02   1.744e-02   2.076e-03   3.676e+01        0
     456    4.259067e+02   8.847e-09   5.400e-07   3.117e-02        0

EXIT: Locally optimal solution found.

Final Statistics
----------------
Final objective value               =   4.25906742494141e+02
Final feasibility error (abs / rel) =   8.85e-09 / 5.57e-12
Final optimality error  (abs / rel) =   5.40e-07 / 6.40e-09
# of iterations                     =        456 
# of CG iterations                  =        422 
# of function evaluations           =        470
# of gradient evaluations           =        458
# of Hessian evaluations            =        456
Total program time (secs)           =      18.94673 (    18.937 CPU time)
Time spent in evaluations (secs)    =       1.34556

===============================================================================

      solver  :   t_proc      (avg)   t_wall      (avg)    n_eval
      nlp_fg  | 581.45ms (  1.23ms) 580.83ms (  1.23ms)       471
   nlp_gf_jg  | 682.06ms (  1.49ms) 681.67ms (  1.49ms)       458
    nlp_grad  |   4.02ms (  4.02ms)   4.02ms (  4.02ms)         1
  nlp_hess_l  |  66.67ms (146.21us)  66.02ms (144.78us)       456
       total  |  19.32 s ( 19.32 s)  19.14 s ( 19.14 s)         1
Round  0 True
Acceleration:  0.057786066686615456
Momentum:  0.020898095293146006
Momentum Rate:  4.656238270259658
Total Program Time:  19.3207
First Level NLP Results:
x_res:  [0.6    0.6    0.6002 0.6007 0.6014 0.6024 0.6036 0.605  0.6078 0.6114
 0.6157 0.6208 0.6267 0.6334 0.6409 0.6458 0.6511 0.6565 0.6623 0.6682
 0.6745 0.681 ]
y_res:  [ 0.0000e+00 -1.9929e-11 -6.3385e-04 -1.8381e-03 -3.5491e-03 -5.7036e-03
 -8.2378e-03 -1.1088e-02 -1.6250e-02 -2.1288e-02 -2.5810e-02 -2.9599e-02
 -3.2587e-02 -3.4832e-02 -3.6500e-02 -3.7321e-02 -3.8109e-02 -3.8872e-02
 -3.9613e-02 -4.0331e-02 -4.1026e-02 -4.1700e-02]
z_res:  [0.75   0.75   0.75   0.75   0.7501 0.7502 0.7502 0.7503 0.7505 0.7505
 0.7505 0.7503 0.75   0.7496 0.7492 0.7489 0.7486 0.7483 0.7481 0.7478
 0.7475 0.7473]
xdot_res:  [0.     0.0055 0.011  0.0166 0.0222 0.028  0.0338 0.0396 0.0499 0.0606
 0.0713 0.0822 0.0935 0.1049 0.116  0.1218 0.1277 0.1337 0.1397 0.1456
 0.1516 0.1575]
ydot_res:  [ 0.     -0.0148 -0.0281 -0.0399 -0.0503 -0.0591 -0.0665 -0.0723 -0.0705
 -0.0633 -0.053  -0.0418 -0.0314 -0.0233 -0.0192 -0.0184 -0.0178 -0.0173
 -0.0167 -0.0162 -0.0157 -0.0152]
zdot_res:  [ 0.      0.0004  0.0007  0.0011  0.0014  0.0017  0.0019  0.0022  0.001
 -0.0006 -0.0025 -0.0042 -0.0055 -0.0064 -0.0067 -0.0065 -0.0064 -0.0063
 -0.0062 -0.0061 -0.006  -0.0059]
Lx_res:  [ 0.0000e+00 -1.1576e-13  1.6319e-04  2.0988e-04  2.2455e-05 -2.0808e-03
 -1.0259e-01 -2.5259e-01 -9.4086e-02 -3.6941e-02  1.5635e-02  5.7269e-02
  9.7493e-02  1.5050e-01  1.6705e-01  3.7936e-02  4.5607e-03  2.8563e-04
  6.6567e-04  1.8148e-03 -3.1730e-03 -1.1127e-01]
Ly_res:  [ 0.0000e+00  2.7182e-13  8.7576e-05  9.3838e-05 -2.5103e-04 -1.1525e-03
 -1.1410e-02  2.2141e-02  4.7264e-03 -3.5169e-03  6.3596e-03  1.2186e-02
  7.9752e-03 -8.3311e-03 -1.0397e-01  2.9194e-02  1.2099e-02  5.1269e-03
  7.5235e-04 -8.8476e-04  2.9224e-04  1.1733e-01]
Lz_res:  [ 0.0000e+00 -2.2582e-13 -1.5291e-04 -3.0987e-04 -4.3238e-04 -1.2198e-04
  3.0496e-03  6.1404e-02  1.8818e-01  1.3870e-01  4.0779e-02 -2.2159e-02
 -6.9972e-02 -1.0559e-01 -1.2647e-01 -1.6675e-01 -7.5895e-02 -1.4045e-02
 -3.2038e-03 -1.3411e-03  7.4159e-04  3.5147e-03]
Ldotx_res:  [ 0.0000e+00  3.8078e-03  1.0894e-03 -4.3733e-03 -4.9077e-02 -2.3452e+00
 -3.5000e+00  2.2191e+00  8.0002e-01  7.3606e-01  5.8288e-01  5.6313e-01
  7.4217e-01  2.3170e-01 -3.0128e+00 -7.7876e-01 -9.9751e-02  8.8677e-03
  2.6814e-02 -1.1638e-01 -2.5224e+00 -9.7452e-11]
Ldoty_res:  [ 0.0000e+00  2.0434e-03  1.4613e-04 -8.0469e-03 -2.1035e-02 -2.3935e-01
  7.8287e-01 -2.4381e-01 -1.1541e-01  1.3827e-01  8.1574e-02 -5.8955e-02
 -2.2829e-01 -1.3390e+00  3.1072e+00 -3.9891e-01 -1.6267e-01 -1.0207e-01
 -3.8199e-02  2.7463e-02  2.7309e+00  1.4458e-10]
Ldotz_res:  [ 0.     -0.0036 -0.0037 -0.0029  0.0072  0.074   1.3616  1.7748 -0.6926
 -1.3709 -0.8811 -0.6694 -0.4986 -0.2923 -0.9398  2.1198  1.4432  0.253
  0.0435  0.0486  0.0647  0.0128]
px_res:  [0.9167]
py_res:  [0.183]
pz_res:  [0.]
Ts_res:  [0.3 0.8 1.1]
FR1x_res:  [ 9.5448e-01  1.0390e+00  1.0718e+00  1.1952e+00  1.5538e+00  5.6786e+00
 -6.6031e-05  2.6442e+01  1.0421e+01  4.5166e+00  7.3002e+00  6.3157e+00
  6.0329e+00  1.2531e+01 -1.0675e-02  4.6562e-03  2.3436e+00  5.4174e+00
  2.3452e+00  1.3753e+00  1.6501e+00  2.4627e-04]
FR1y_res:  [-2.5137e+00 -2.3419e+00 -2.1556e+00 -1.8629e+00 -9.6147e-01  5.7681e+00
  1.1572e-03 -1.1765e+02 -2.9243e+01  2.9919e+01  1.8323e+01  1.5211e+01
  1.5021e+01 -2.8336e+01  9.3715e-03  1.7126e-02 -9.8602e+00 -7.0014e+00
 -1.2041e+00  8.0204e-01  1.3986e-01 -6.2954e-04]
FR1z_res:  [9.4862e+01 9.6494e+01 9.7928e+01 9.9427e+01 9.8602e+01 2.3187e+01
 9.4169e-02 4.0000e+02 4.0000e+02 4.0000e+02 4.0000e+02 4.0000e+02
 4.0000e+02 4.0000e+02 1.6652e-01 5.1270e-01 1.1885e+02 1.3730e+02
 1.1919e+02 1.2017e+02 1.2084e+02 3.3333e+02]
Second Level Results:
x_res:  [0.681  0.6877 0.6947 0.702  0.7095 0.7172 0.7252 0.7335 0.7476 0.7624
 0.7779 0.794  0.8108 0.8282 0.8463 0.8575 0.869  0.8806 0.8925 0.9047
 0.917  0.9296 0.9424 0.9554 0.9686 0.982  0.9957 1.0095 1.0236 1.0474
 1.0712 1.095  1.1188 1.1426 1.1665 1.1903 1.2046 1.2188 1.2331 1.2474
 1.2617 1.276  1.2903 1.3046 1.319  1.3337 1.3485 1.3635 1.3787 1.3941
 1.42   1.4459 1.4719 1.4978 1.5237 1.5496 1.5755 1.5911 1.6066 1.6222
 1.6377 1.6533 1.6688 1.6844 1.6999 1.7156 1.7315 1.7475 1.7636 1.7799
 1.7964 1.824  1.8517 1.8793 1.9069 1.9346 1.9622 1.9899 2.0064 2.023
 2.0396 2.0562 2.0728 2.0894 2.1059 2.1225 2.1392 2.156  2.173  2.19
 2.2072 2.2245 2.2534 2.2824 2.3114 2.3403 2.3693 2.3983 2.4272 2.4446
 2.462  2.4794 2.4968 2.5142 2.5315 2.5489 2.5663 2.5838 2.6013 2.6189
 2.6367 2.6545 2.6723 2.7022 2.7321 2.7621 2.792  2.8219 2.8518 2.8817
 2.8997 2.9176 2.9355 2.9535 2.9714 2.9894 3.0073 3.0253 3.0433 3.0613
 3.0794 3.0976 3.1158 3.134  3.1645 3.1949 3.2254 3.2558 3.2863 3.3168
 3.3472 3.3655 3.3838 3.4021 3.4203 3.4386 3.4569 3.4752]
y_res:  [-4.1700e-02 -4.2352e-02 -4.2982e-02 -4.3591e-02 -4.4178e-02 -4.4744e-02
 -4.5288e-02 -4.5813e-02 -4.6652e-02 -4.7435e-02 -4.8164e-02 -4.8838e-02
 -4.9460e-02 -5.0030e-02 -5.0549e-02 -5.0831e-02 -5.1095e-02 -5.1341e-02
 -5.1570e-02 -5.1782e-02 -5.1978e-02 -5.2156e-02 -5.2319e-02 -5.2465e-02
 -5.2595e-02 -5.2710e-02 -5.2809e-02 -5.2893e-02 -5.2961e-02 -5.3050e-02
 -5.3098e-02 -5.3104e-02 -5.3071e-02 -5.2998e-02 -5.2885e-02 -5.2734e-02
 -5.2620e-02 -5.2492e-02 -5.2351e-02 -5.2197e-02 -5.2029e-02 -5.1848e-02
 -5.1653e-02 -5.1446e-02 -5.1226e-02 -5.0993e-02 -5.0747e-02 -5.0488e-02
 -5.0217e-02 -4.9934e-02 -4.9441e-02 -4.8914e-02 -4.8354e-02 -4.7762e-02
 -4.7137e-02 -4.6480e-02 -4.5791e-02 -4.5360e-02 -4.4917e-02 -4.4464e-02
 -4.4000e-02 -4.3525e-02 -4.3039e-02 -4.2543e-02 -4.2036e-02 -4.1520e-02
 -4.0993e-02 -4.0455e-02 -3.9908e-02 -3.9351e-02 -3.8784e-02 -3.7824e-02
 -3.6836e-02 -3.5823e-02 -3.4784e-02 -3.3720e-02 -3.2631e-02 -3.1519e-02
 -3.0837e-02 -3.0147e-02 -2.9448e-02 -2.8741e-02 -2.8026e-02 -2.7303e-02
 -2.6573e-02 -2.5834e-02 -2.5088e-02 -2.4334e-02 -2.3572e-02 -2.2803e-02
 -2.2027e-02 -2.1243e-02 -1.9926e-02 -1.8589e-02 -1.7233e-02 -1.5859e-02
 -1.4467e-02 -1.3057e-02 -1.1630e-02 -1.0764e-02 -9.8926e-03 -9.0151e-03
 -8.1319e-03 -7.2431e-03 -6.3489e-03 -5.4494e-03 -4.5445e-03 -3.6345e-03
 -2.7195e-03 -1.7995e-03 -8.7457e-04  5.5103e-05  9.8944e-04  2.5543e-03
  4.1314e-03  5.7203e-03  7.3206e-03  8.9318e-03  1.0553e-02  1.2185e-02
  1.3170e-02  1.4158e-02  1.5149e-02  1.6143e-02  1.7141e-02  1.8141e-02
  1.9144e-02  2.0150e-02  2.1159e-02  2.2170e-02  2.3184e-02  2.4200e-02
  2.5218e-02  2.6239e-02  2.7943e-02  2.9653e-02  3.1367e-02  3.3085e-02
  3.4807e-02  3.6532e-02  3.8260e-02  3.9298e-02  4.0337e-02  4.1376e-02
  4.2416e-02  4.3456e-02  4.4496e-02  4.5536e-02]
z_res:  [0.7473 0.747  0.7468 0.7465 0.7463 0.746  0.7458 0.7456 0.7452 0.7448
 0.7445 0.7441 0.7438 0.7435 0.7431 0.7429 0.7428 0.7426 0.7424 0.7422
 0.742  0.7418 0.7417 0.7415 0.7413 0.7411 0.741  0.7408 0.7406 0.7403
 0.74   0.7398 0.7395 0.7392 0.7389 0.7386 0.7385 0.7383 0.7381 0.738
 0.7378 0.7376 0.7374 0.7373 0.7371 0.7369 0.7367 0.7365 0.7364 0.7362
 0.7359 0.7356 0.7352 0.7349 0.7346 0.7342 0.7339 0.7337 0.7335 0.7333
 0.733  0.7328 0.7326 0.7324 0.7321 0.7319 0.7316 0.7314 0.7312 0.7309
 0.7306 0.7302 0.7298 0.7293 0.7288 0.7284 0.7279 0.7274 0.727  0.7267
 0.7264 0.7261 0.7257 0.7254 0.725  0.7247 0.7243 0.724  0.7236 0.7232
 0.7228 0.7224 0.7218 0.7211 0.7204 0.7197 0.7189 0.7182 0.7174 0.7169
 0.7164 0.7159 0.7154 0.7149 0.7144 0.7139 0.7133 0.7128 0.7122 0.7117
 0.7111 0.7105 0.7099 0.7089 0.7079 0.7069 0.7058 0.7047 0.7036 0.7024
 0.7017 0.701  0.7003 0.6995 0.6988 0.698  0.6973 0.6965 0.6957 0.6949
 0.6941 0.6932 0.6924 0.6916 0.6901 0.6887 0.6872 0.6857 0.6842 0.6826
 0.6811 0.6801 0.6792 0.6782 0.6773 0.6763 0.6754 0.6744]
xdot_res:  [0.1575 0.1633 0.1692 0.175  0.1808 0.1865 0.1922 0.1979 0.2073 0.2166
 0.2258 0.235  0.244  0.253  0.2619 0.2672 0.2724 0.2777 0.2829 0.2881
 0.2932 0.2983 0.3034 0.3085 0.3135 0.3185 0.3235 0.3284 0.3333 0.3333
 0.3333 0.3333 0.3333 0.3333 0.3333 0.3333 0.3333 0.3333 0.3333 0.3333
 0.3333 0.3333 0.3333 0.3376 0.3419 0.3462 0.3504 0.3546 0.3587 0.3629
 0.3629 0.3629 0.3629 0.3629 0.3629 0.3629 0.3629 0.3629 0.3629 0.3629
 0.3629 0.3629 0.3629 0.3629 0.3664 0.3699 0.3734 0.3768 0.3802 0.3836
 0.3869 0.3869 0.3869 0.3869 0.3869 0.3869 0.3869 0.3869 0.3869 0.3869
 0.3869 0.3869 0.3869 0.3869 0.3869 0.3897 0.3924 0.3951 0.3978 0.4004
 0.403  0.4056 0.4056 0.4056 0.4056 0.4056 0.4056 0.4056 0.4056 0.4056
 0.4056 0.4056 0.4056 0.4056 0.4056 0.4056 0.4076 0.4095 0.4114 0.4133
 0.4151 0.417  0.4188 0.4188 0.4188 0.4188 0.4188 0.4188 0.4188 0.4188
 0.4188 0.4188 0.4188 0.4188 0.4188 0.4188 0.4188 0.42   0.4211 0.4223
 0.4234 0.4244 0.4255 0.4265 0.4265 0.4265 0.4265 0.4265 0.4265 0.4265
 0.4265 0.4265 0.4265 0.4265 0.4265 0.4265 0.4265 0.4265]
ydot_res:  [-1.5212e-02 -1.4702e-02 -1.4197e-02 -1.3698e-02 -1.3203e-02 -1.2714e-02
 -1.2230e-02 -1.1751e-02 -1.0968e-02 -1.0199e-02 -9.4442e-03 -8.7040e-03
 -7.9784e-03 -7.2671e-03 -6.5704e-03 -6.1576e-03 -5.7499e-03 -5.3475e-03
 -4.9501e-03 -4.5579e-03 -4.1709e-03 -3.7888e-03 -3.4118e-03 -3.0398e-03
 -2.6726e-03 -2.3101e-03 -1.9519e-03 -1.5972e-03 -1.2455e-03 -6.6675e-04
 -9.5283e-05  4.6899e-04  1.0262e-03  1.5763e-03  2.1194e-03  2.6555e-03
  2.9747e-03  3.2914e-03  3.6056e-03  3.9173e-03  4.2266e-03  4.5334e-03
  4.8378e-03  5.1397e-03  5.4393e-03  5.7364e-03  6.0311e-03  6.3234e-03
  6.6133e-03  6.9007e-03  7.3733e-03  7.8392e-03  8.2984e-03  8.7509e-03
  9.1968e-03  9.6361e-03  1.0069e-02  1.0326e-02  1.0581e-02  1.0833e-02
  1.1083e-02  1.1331e-02  1.1576e-02  1.1819e-02  1.2059e-02  1.2297e-02
  1.2533e-02  1.2766e-02  1.2997e-02  1.3226e-02  1.3452e-02  1.3823e-02
  1.4187e-02  1.4545e-02  1.4896e-02  1.5240e-02  1.5578e-02  1.5909e-02
  1.6106e-02  1.6300e-02  1.6492e-02  1.6681e-02  1.6868e-02  1.7053e-02
  1.7235e-02  1.7416e-02  1.7593e-02  1.7769e-02  1.7942e-02  1.8113e-02
  1.8281e-02  1.8447e-02  1.8718e-02  1.8982e-02  1.9239e-02  1.9490e-02
  1.9735e-02  1.9973e-02  2.0204e-02  2.0341e-02  2.0476e-02  2.0608e-02
  2.0737e-02  2.0865e-02  2.0990e-02  2.1113e-02  2.1233e-02  2.1351e-02
  2.1467e-02  2.1581e-02  2.1692e-02  2.1801e-02  2.1908e-02  2.2080e-02
  2.2245e-02  2.2404e-02  2.2556e-02  2.2702e-02  2.2842e-02  2.2976e-02
  2.3054e-02  2.3129e-02  2.3203e-02  2.3274e-02  2.3343e-02  2.3409e-02
  2.3473e-02  2.3535e-02  2.3595e-02  2.3653e-02  2.3708e-02  2.3761e-02
  2.3811e-02  2.3860e-02  2.3933e-02  2.3998e-02  2.4057e-02  2.4109e-02
  2.4153e-02  2.4190e-02  2.4220e-02  2.4236e-02  2.4249e-02  2.4259e-02
  2.4267e-02  2.4272e-02  2.4274e-02  2.4274e-02]
zdot_res:  [-0.0059 -0.0058 -0.0057 -0.0056 -0.0055 -0.0054 -0.0053 -0.0053 -0.0051
 -0.005  -0.0049 -0.0048 -0.0047 -0.0046 -0.0045 -0.0044 -0.0044 -0.0043
 -0.0043 -0.0042 -0.0042 -0.0042 -0.0041 -0.0041 -0.0041 -0.0041 -0.004
 -0.004  -0.004  -0.004  -0.004  -0.0039 -0.0039 -0.0039 -0.004  -0.004
 -0.004  -0.004  -0.004  -0.004  -0.004  -0.0041 -0.0041 -0.0041 -0.0041
 -0.0042 -0.0042 -0.0042 -0.0043 -0.0043 -0.0044 -0.0045 -0.0045 -0.0046
 -0.0047 -0.0048 -0.0049 -0.005  -0.0051 -0.0051 -0.0052 -0.0053 -0.0054
 -0.0054 -0.0055 -0.0056 -0.0057 -0.0058 -0.0059 -0.006  -0.0061 -0.0062
 -0.0064 -0.0066 -0.0068 -0.0069 -0.0071 -0.0073 -0.0075 -0.0076 -0.0077
 -0.0078 -0.008  -0.0081 -0.0083 -0.0084 -0.0085 -0.0087 -0.0088 -0.009
 -0.0091 -0.0093 -0.0095 -0.0098 -0.0101 -0.0103 -0.0106 -0.0109 -0.0112
 -0.0114 -0.0116 -0.0118 -0.0119 -0.0121 -0.0123 -0.0125 -0.0127 -0.0129
 -0.0131 -0.0133 -0.0135 -0.0137 -0.0139 -0.0143 -0.0146 -0.015  -0.0154
 -0.0158 -0.0161 -0.0165 -0.0168 -0.017  -0.0172 -0.0175 -0.0177 -0.018
 -0.0182 -0.0185 -0.0187 -0.019  -0.0193 -0.0195 -0.0198 -0.02   -0.0204
 -0.0208 -0.0211 -0.0213 -0.0216 -0.0218 -0.0219 -0.022  -0.0221 -0.0221
 -0.0222 -0.0222 -0.0222 -0.0222]
px_res:  [1.2398 1.5559 1.879  2.1954 2.5185 2.8346 3.0872]
py_res:  [-0.0216  0.177  -0.0276  0.2138  0.0091  0.2077 -0.1198]
pz_res:  [0. 0. 0. 0. 0. 0. 0.]
Ts_res:  [0.3 0.8 1.1 1.4 1.9 2.2 2.5 3.  3.3 3.6 4.1 4.4 4.7 5.2 5.5 5.8 6.3 6.6
 6.9 7.4 7.7]
The  1 Round:
[[10.  -0.5 -0.5 10. ]
 [ 0.5  0.5 -0.5 -0.5]
 [ 0.   0.   0.   0. ]]
[[10.  -0.5 -0.5 10. ]
 [ 0.5  0.5 -0.5 -0.5]
 [ 0.   0.   0.   0. ]]
[[10.  -0.5 -0.5 10. ]
 [ 0.5  0.5 -0.5 -0.5]
 [ 0.   0.   0.   0. ]]
[[10.  -0.5 -0.5 10. ]
 [ 0.5  0.5 -0.5 -0.5]
 [ 0.   0.   0.   0. ]]
[[10.  -0.5 -0.5 10. ]
 [ 0.5  0.5 -0.5 -0.5]
 [ 0.   0.   0.   0. ]]
[[10.  -0.5 -0.5 10. ]
 [ 0.5  0.5 -0.5 -0.5]
 [ 0.   0.   0.   0. ]]
[[10.  -0.5 -0.5 10. ]
 [ 0.5  0.5 -0.5 -0.5]
 [ 0.   0.   0.   0. ]]
[[10.  -0.5 -0.5 10. ]
 [ 0.5  0.5 -0.5 -0.5]
 [ 0.   0.   0.   0. ]]

=======================================
           Academic License
       (NOT FOR COMMERCIAL USE)
         Artelys Knitro 10.3.0
=======================================

Knitro presolve eliminated 387 variables and 20417 constraints.

Knitro changing algorithm from AUTO to 1.
Knitro changing bar_initpt from AUTO to 3.
Knitro changing bar_murule from AUTO to 4.
Knitro changing bar_penaltycons from AUTO to 1.
Knitro changing bar_penaltyrule from AUTO to 2.
Knitro changing bar_switchrule from AUTO to 2.
Knitro changing linesearch from AUTO to 1.
Knitro changing linsolver from AUTO to 5.
Knitro shifted start point to satisfy presolved bounds (286 variables).
Knitro fixing 387 variables eliminated from the presolve.

Problem Characteristics                    ( Presolved)
-----------------------
Objective goal:  Minimize
Number of variables:                        2619 (      2232)
    bounded below only:                        0 (         0)
    bounded above only:                        0 (         0)
    bounded below and above:                2619 (      2232)
    fixed:                                     0 (         0)
    free:                                      0 (         0)
Number of constraints:                     39996 (     19581)
    linear equalities:                      1418 (       911)
    nonlinear equalities:                    294 (       294)
    linear one-sided inequalities:         38281 (     18376)
    nonlinear one-sided inequalities:          0 (         0)
    linear two-sided inequalities:             3 (         0)
    nonlinear two-sided inequalities:          0 (         0)
Number of nonzeros in Jacobian:           214180 (     93056)
Number of nonzeros in Hessian:              6267 (      4732)

  Iter      Objective      FeasError   OptError    ||Step||    CGits 
--------  --------------  ----------  ----------  ----------  -------
       0    8.234906e+02   9.759e+00
      10    1.001621e+03   2.885e+00   2.062e+02   8.055e+01       27
      20    7.328008e+02   7.598e-01   9.681e+01   1.583e-01        0
      30    7.615549e+02   8.213e-01   1.053e+02   3.689e+00        5
      40    7.800682e+02   1.008e+00   1.079e+02   3.778e-01        0
      50    8.900751e+02   1.255e+00   1.215e+02   5.011e+00        2
      60    8.623107e+02   1.032e+00   1.196e+02   4.681e-01        0
      70    8.050229e+02   1.047e+00   1.142e+02   2.138e+01        0
      80    8.269430e+02   9.889e-01   1.208e+02   4.134e+01        1
      90    7.699702e+02   5.494e-01   1.214e+02   2.250e+00        0
     100    8.942827e+02   3.881e-01   1.320e+02   2.297e+00        0
     110    8.774032e+02   3.521e-01   1.309e+02   1.730e+01        0
     120    8.703843e+02   2.675e-01   1.307e+02   1.612e+02        0
     130    9.661656e+02   1.354e-01   1.392e+02   2.372e+01        0
     140    1.070732e+03   1.694e-02   1.477e+02   1.905e+01        0
     150    5.222456e+02   1.631e-01   8.745e+01   1.007e+01        0
     160    3.922351e+02   6.160e-02   1.139e+00   4.536e+02        0
     170    3.852936e+02   4.036e-04   1.933e-03   5.642e+02        0
     177    3.852835e+02   5.867e-07   4.798e-05   8.792e+01        0

EXIT: Locally optimal solution found.

Final Statistics
----------------
Final objective value               =   3.85283537838390e+02
Final feasibility error (abs / rel) =   5.87e-07 / 6.01e-08
Final optimality error  (abs / rel) =   4.80e-05 / 5.05e-07
# of iterations                     =        177 
# of CG iterations                  =        222 
# of function evaluations           =        183
# of gradient evaluations           =        179
# of Hessian evaluations            =        178
Total program time (secs)           =      11.82411 (    11.824 CPU time)
Time spent in evaluations (secs)    =       0.48038

===============================================================================

      solver  :   t_proc      (avg)   t_wall      (avg)    n_eval
      nlp_fg  | 202.31ms (  1.10ms) 202.08ms (  1.10ms)       184
   nlp_gf_jg  | 247.96ms (  1.39ms) 247.85ms (  1.38ms)       179
    nlp_grad  |   2.36ms (  2.36ms)   2.36ms (  2.36ms)         1
  nlp_hess_l  |  25.27ms (141.99us)  25.04ms (140.67us)       178
       total  |  12.02 s ( 12.02 s)  12.02 s ( 12.02 s)         1
Round  1 True
Acceleration:  1.3856072384107339
Momentum:  0.13910333160409255
Momentum Rate:  13.756299742122291
Total Program Time:  12.0208
First Level NLP Results:
x_res:  [0.681  0.6877 0.6965 0.7074 0.7201 0.7344 0.7501 0.7669 0.7974 0.8251
 0.8506 0.8743 0.8961 0.9163 0.9355 0.9392 0.9429 0.9467 0.9504 0.9542
 0.958  0.9618]
y_res:  [-0.0417 -0.0424 -0.0401 -0.035  -0.0273 -0.0176 -0.0064  0.006   0.0282
  0.0451  0.0576  0.066   0.0704  0.0714  0.0698  0.0692  0.0686  0.068
  0.0674  0.0668  0.0662  0.0656]
z_res:  [0.7473 0.747  0.7473 0.748  0.7491 0.7506 0.7524 0.7544 0.7581 0.7592
 0.7587 0.7572 0.7547 0.7518 0.7485 0.7478 0.7471 0.7464 0.7457 0.7451
 0.7444 0.7437]
xdot_res:  [0.1575 0.2052 0.2534 0.2964 0.3339 0.3653 0.3943 0.4262 0.3872 0.3583
 0.3314 0.3051 0.2832 0.268  0.261  0.2614 0.262  0.2626 0.2633 0.2641
 0.265  0.2659]
ydot_res:  [-0.0152  0.0516  0.121   0.1787  0.2254  0.2613  0.2901  0.3112  0.236
  0.1753  0.1173  0.0615  0.0139 -0.0213 -0.0416 -0.042  -0.0424 -0.0426
 -0.0427 -0.0427 -0.0426 -0.0424]
zdot_res:  [-0.0059  0.007   0.0169  0.0258  0.034   0.0414  0.0471  0.0513  0.0157
 -0.0063 -0.0221 -0.0338 -0.0417 -0.0463 -0.0481 -0.0478 -0.0476 -0.0474
 -0.0471 -0.0469 -0.0466 -0.0463]
Lx_res:  [-1.1127e-01 -1.1127e-01 -1.6754e-01 -1.5405e-01 -8.9458e-02  4.8107e-05
  1.5005e-01  3.0005e-01  5.0048e-02 -1.9995e-01 -3.6334e-01 -4.6051e-01
 -5.3208e-01 -5.7394e-01 -6.5278e-01 -6.1060e-01 -5.8517e-01 -5.7640e-01
 -5.8304e-01 -5.7541e-01 -5.5055e-01 -5.3785e-01]
Ly_res:  [ 0.1173  0.1173  0.0619  0.0065 -0.0753 -0.2179 -0.3679 -0.5179 -0.2679
 -0.0179  0.1744  0.2512  0.2902  0.313   0.2579  0.3018  0.3284  0.3378
  0.3307  0.337   0.3613  0.3994]
Lz_res:  [0.1173 0.1173 0.1474 0.1297 0.1429 0.1646 0.165  0.188  0.1568 0.2495
 0.2217 0.1889 0.2093 0.2419 0.3811 0.4311 0.4648 0.4821 0.4831 0.4698
 0.4716 0.4895]
Ldotx_res:  [-9.7452e-11 -1.3128e+00  3.1468e-01  1.5072e+00  2.0885e+00  3.5000e+00
  3.5000e+00 -3.5000e+00 -3.5000e+00 -2.2875e+00 -1.3604e+00 -1.0019e+00
 -5.8611e-01 -1.1037e+00  2.9522e+00  1.7800e+00  6.1390e-01 -4.6468e-01
  5.3400e-01  1.7401e+00  8.8890e-01 -3.0355e-17]
Ldoty_res:  [ 1.4458e-10 -1.2942e+00 -1.2912e+00 -1.9089e+00 -3.3276e+00 -3.5000e+00
 -3.5000e+00  3.5000e+00  3.5000e+00  2.6925e+00  1.0750e+00  5.4581e-01
  3.1992e-01 -7.7171e-01  3.0687e+00  1.8621e+00  6.6181e-01 -5.0204e-01
  4.4722e-01  1.7006e+00  2.6677e+00 -9.7792e-17]
Ldotz_res:  [ 1.4458e-10  7.0158e-01 -4.1191e-01  3.0642e-01  5.0684e-01  9.7931e-03
  5.3588e-01 -4.3648e-01  1.2982e+00 -3.9019e-01 -4.5843e-01  2.8514e-01
  4.5635e-01  1.9491e+00  3.5000e+00  2.3552e+00  1.2131e+00  7.3833e-02
 -9.3445e-01  1.2402e-01  1.2573e+00  1.1840e+00]
px_res:  [1.2398]
py_res:  [-0.0216]
pz_res:  [0.]
Ts_res:  [0.3 0.8 0.9]
FR1x_res:  [-2.2076e-04 -2.2921e-05 -3.2087e-05 -7.7656e-06 -1.0714e-05  3.3961e-03
  4.0989e+01  0.0000e+00  0.0000e+00  0.0000e+00  0.0000e+00  0.0000e+00
  0.0000e+00  0.0000e+00  1.5081e-02  1.8996e-02  1.2522e-02  3.3059e-04
  6.9679e-03  2.6196e-02  9.4429e-02  4.3027e-06]
FR1y_res:  [ 3.5725e-04  1.3854e-04  1.4094e-04  8.3078e-05  3.4563e-05  7.4986e-03
 -1.0077e+01  0.0000e+00  0.0000e+00  0.0000e+00  0.0000e+00  0.0000e+00
  0.0000e+00  0.0000e+00 -1.9620e-02 -2.3130e-02 -1.6882e-02  4.1191e-03
  1.8081e-02  7.2956e-02 -2.8434e+00 -1.0999e-05]
FR1z_res:  [3.1083e-03 1.1437e-02 1.3037e-02 1.3336e-02 1.1344e-02 1.7832e+00
 1.3803e+02 0.0000e+00 0.0000e+00 0.0000e+00 0.0000e+00 0.0000e+00
 0.0000e+00 0.0000e+00 8.2993e-02 1.0042e-01 1.0162e-01 1.2982e-01
 2.0019e-01 4.1440e-01 1.0624e+02 3.3333e+02]
Second Level Results:
x_res:  [0.9618 0.9732 0.9847 0.9963 1.008  1.0199 1.0319 1.044  1.0644 1.085
 1.106  1.1274 1.149  1.1709 1.1932 1.2067 1.2203 1.2341 1.248  1.2619
 1.276  1.2902 1.3045 1.3189 1.3334 1.348  1.3627 1.3776 1.3925 1.4176
 1.4426 1.4677 1.4927 1.5178 1.5428 1.5679 1.5829 1.598  1.613  1.628
 1.6431 1.6581 1.6731 1.6882 1.7033 1.7185 1.7339 1.7493 1.7648 1.7804
 1.8065 1.8327 1.8588 1.885  1.9111 1.9373 1.9635 1.9791 1.9948 2.0105
 2.0262 2.0419 2.0576 2.0733 2.089  2.1048 2.1206 2.1366 2.1526 2.1687
 2.1849 2.212  2.2391 2.2662 2.2933 2.3204 2.3475 2.3747 2.3909 2.4072
 2.4235 2.4397 2.456  2.4723 2.4885 2.5048 2.5211 2.5375 2.554  2.5706
 2.5872 2.6039 2.6318 2.6598 2.6877 2.7156 2.7436 2.7715 2.7994 2.8162
 2.833  2.8497 2.8665 2.8832 2.9    2.9168 2.9335 2.9503 2.9672 2.9842
 3.0012 3.0182 3.0353 3.0639 3.0926 3.1212 3.1498 3.1784 3.207  3.2357
 3.2528 3.27   3.2872 3.3043 3.3215 3.3387 3.3558 3.373  3.3902 3.4075
 3.4248 3.4422 3.4596 3.477  3.5062 3.5354 3.5645 3.5937 3.6229 3.652
 3.6812 3.6987 3.7162 3.7337 3.7512 3.7687 3.7862 3.8037]
y_res:  [0.0656 0.0638 0.062  0.0602 0.0585 0.0568 0.0552 0.0535 0.0509 0.0483
 0.0457 0.0433 0.041  0.0387 0.0365 0.0352 0.0339 0.0327 0.0315 0.0304
 0.0292 0.0281 0.027  0.026  0.0249 0.0239 0.0229 0.022  0.021  0.0195
 0.018  0.0167 0.0153 0.0141 0.0129 0.0118 0.0112 0.0105 0.01   0.0094
 0.0088 0.0083 0.0078 0.0073 0.0069 0.0064 0.006  0.0056 0.0052 0.0049
 0.0043 0.0038 0.0034 0.003  0.0027 0.0024 0.0021 0.002  0.0019 0.0018
 0.0018 0.0017 0.0017 0.0017 0.0017 0.0018 0.0018 0.0019 0.0019 0.002
 0.0021 0.0024 0.0026 0.0029 0.0032 0.0036 0.004  0.0045 0.0048 0.0051
 0.0054 0.0058 0.0061 0.0065 0.0068 0.0072 0.0076 0.008  0.0085 0.0089
 0.0094 0.0098 0.0106 0.0114 0.0123 0.0131 0.014  0.015  0.0159 0.0165
 0.0171 0.0177 0.0183 0.019  0.0196 0.0202 0.0209 0.0215 0.0222 0.0229
 0.0236 0.0243 0.0249 0.0261 0.0273 0.0285 0.0297 0.031  0.0322 0.0335
 0.0343 0.035  0.0358 0.0366 0.0374 0.0382 0.039  0.0398 0.0406 0.0414
 0.0422 0.043  0.0438 0.0446 0.046  0.0474 0.0487 0.0501 0.0515 0.0529
 0.0543 0.0551 0.056  0.0568 0.0577 0.0585 0.0593 0.0602]
z_res:  [0.7437 0.7417 0.7398 0.7379 0.736  0.7341 0.7323 0.7306 0.7277 0.7248
 0.7221 0.7195 0.717  0.7145 0.7122 0.7108 0.7095 0.7082 0.707  0.7057
 0.7045 0.7034 0.7023 0.7012 0.7001 0.699  0.698  0.6971 0.6961 0.6946
 0.6931 0.6918 0.6905 0.6893 0.6882 0.6871 0.6866 0.686  0.6855 0.685
 0.6845 0.6841 0.6837 0.6833 0.6829 0.6826 0.6823 0.682  0.6818 0.6816
 0.6812 0.681  0.6808 0.6807 0.6806 0.6807 0.6808 0.6809 0.681  0.6811
 0.6813 0.6815 0.6817 0.6819 0.6822 0.6825 0.6828 0.6831 0.6835 0.6839
 0.6843 0.685  0.6857 0.6865 0.6874 0.6884 0.6894 0.6904 0.6911 0.6918
 0.6925 0.6932 0.6939 0.6947 0.6955 0.6963 0.6971 0.6979 0.6988 0.6997
 0.7006 0.7015 0.703  0.7046 0.7063 0.708  0.7097 0.7115 0.7133 0.7145
 0.7156 0.7168 0.7179 0.7191 0.7203 0.7216 0.7228 0.724  0.7253 0.7266
 0.7279 0.7292 0.7305 0.7327 0.735  0.7373 0.7396 0.742  0.7444 0.7468
 0.7483 0.7498 0.7513 0.7528 0.7544 0.7559 0.7575 0.759  0.7606 0.7622
 0.7638 0.7654 0.767  0.7686 0.7713 0.7741 0.7768 0.7796 0.7824 0.7852
 0.7881 0.7898 0.7915 0.7932 0.7949 0.7966 0.7983 0.8   ]
xdot_res:  [0.2659 0.2686 0.2714 0.2742 0.2769 0.2796 0.2823 0.285  0.2895 0.294
 0.2984 0.3028 0.3072 0.3115 0.3158 0.3184 0.3209 0.3235 0.326  0.3285
 0.3311 0.3336 0.3361 0.3385 0.341  0.3435 0.3459 0.3484 0.3508 0.3508
 0.3508 0.3508 0.3508 0.3508 0.3508 0.3508 0.3508 0.3508 0.3508 0.3508
 0.3508 0.3508 0.3508 0.353  0.3552 0.3574 0.3596 0.3618 0.364  0.3661
 0.3661 0.3661 0.3661 0.3661 0.3661 0.3661 0.3661 0.3661 0.3661 0.3661
 0.3661 0.3661 0.3661 0.3661 0.3681 0.37   0.372  0.3739 0.3758 0.3777
 0.3796 0.3796 0.3796 0.3796 0.3796 0.3796 0.3796 0.3796 0.3796 0.3796
 0.3796 0.3796 0.3796 0.3796 0.3796 0.3812 0.3829 0.3846 0.3862 0.3878
 0.3895 0.3911 0.3911 0.3911 0.3911 0.3911 0.3911 0.3911 0.3911 0.3911
 0.3911 0.3911 0.3911 0.3911 0.3911 0.3911 0.3925 0.3939 0.3952 0.3966
 0.398  0.3993 0.4007 0.4007 0.4007 0.4007 0.4007 0.4007 0.4007 0.4007
 0.4007 0.4007 0.4007 0.4007 0.4007 0.4007 0.4007 0.4018 0.4029 0.404
 0.4051 0.4062 0.4073 0.4083 0.4083 0.4083 0.4083 0.4083 0.4083 0.4083
 0.4083 0.4083 0.4083 0.4083 0.4083 0.4083 0.4083 0.4083]
ydot_res:  [-0.0424 -0.0416 -0.0409 -0.0402 -0.0395 -0.0388 -0.0382 -0.0375 -0.0363
 -0.0352 -0.0341 -0.033  -0.0319 -0.0308 -0.0298 -0.0291 -0.0285 -0.0279
 -0.0273 -0.0266 -0.026  -0.0254 -0.0248 -0.0242 -0.0236 -0.023  -0.0224
 -0.0218 -0.0213 -0.0203 -0.0194 -0.0184 -0.0175 -0.0166 -0.0157 -0.0148
 -0.0143 -0.0138 -0.0132 -0.0127 -0.0122 -0.0117 -0.0112 -0.0107 -0.0102
 -0.0097 -0.0092 -0.0088 -0.0083 -0.0078 -0.007  -0.0063 -0.0055 -0.0048
 -0.004  -0.0033 -0.0026 -0.0022 -0.0018 -0.0013 -0.0009 -0.0005 -0.0001
  0.0003  0.0007  0.001   0.0014  0.0018  0.0022  0.0026  0.0029  0.0035
  0.0041  0.0047  0.0053  0.0058  0.0064  0.0069  0.0072  0.0075  0.0079
  0.0082  0.0085  0.0088  0.0091  0.0093  0.0096  0.0099  0.0102  0.0105
  0.0107  0.011   0.0114  0.0118  0.0122  0.0126  0.013   0.0134  0.0138
  0.014   0.0142  0.0144  0.0146  0.0148  0.015   0.0152  0.0154  0.0155
  0.0157  0.0159  0.0161  0.0162  0.0164  0.0166  0.0169  0.0171  0.0173
  0.0175  0.0178  0.0179  0.0181  0.0182  0.0183  0.0184  0.0184  0.0185
  0.0186  0.0187  0.0188  0.0189  0.0189  0.019   0.0191  0.0191  0.0192
  0.0193  0.0194  0.0194  0.0195  0.0195  0.0196  0.0196  0.0196  0.0196
  0.0196  0.0196  0.0196  0.0196]
zdot_res:  [-0.0463 -0.0455 -0.0447 -0.0439 -0.0431 -0.0422 -0.0414 -0.0406 -0.0393
 -0.038  -0.0367 -0.0354 -0.0341 -0.0329 -0.0316 -0.0309 -0.0301 -0.0294
 -0.0286 -0.0279 -0.0271 -0.0264 -0.0257 -0.025  -0.0242 -0.0235 -0.0228
 -0.0221 -0.0214 -0.0202 -0.0191 -0.0179 -0.0168 -0.0157 -0.0146 -0.0135
 -0.0128 -0.0121 -0.0115 -0.0108 -0.0102 -0.0096 -0.0089 -0.0083 -0.0077
 -0.007  -0.0064 -0.0058 -0.0052 -0.0046 -0.0036 -0.0026 -0.0016 -0.0006
  0.0004  0.0013  0.0023  0.0028  0.0034  0.0039  0.0045  0.005   0.0056
  0.0061  0.0067  0.0072  0.0077  0.0082  0.0088  0.0093  0.0098  0.0106
  0.0115  0.0123  0.0131  0.0139  0.0147  0.0155  0.016   0.0164  0.0169
  0.0174  0.0178  0.0183  0.0187  0.0191  0.0196  0.02    0.0204  0.0209
  0.0213  0.0217  0.0224  0.0231  0.0237  0.0244  0.025   0.0257  0.0263
  0.0267  0.027   0.0274  0.0278  0.0281  0.0285  0.0288  0.0292  0.0295
  0.0298  0.0302  0.0305  0.0308  0.0311  0.0317  0.0322  0.0327  0.0332
  0.0337  0.0341  0.0346  0.0349  0.0351  0.0354  0.0357  0.0359  0.0362
  0.0364  0.0367  0.0369  0.0372  0.0374  0.0376  0.0378  0.0381  0.0384
  0.0387  0.0389  0.0392  0.0394  0.0395  0.0397  0.0397  0.0398  0.0399
  0.0399  0.0399  0.0399  0.0399]
px_res:  [1.5559 1.879  2.1951 2.5182 2.8343 3.1575 3.442 ]
py_res:  [ 0.1769 -0.0278  0.1707 -0.0339  0.1646 -0.04    0.2574]
pz_res:  [0. 0. 0. 0. 0. 0. 0.]
Ts_res:  [0.3 0.8 1.1 1.4 1.9 2.2 2.5 3.  3.3 3.6 4.1 4.4 4.7 5.2 5.5 5.8 6.3 6.6
 6.9 7.4 7.7]
The  2 Round:
[[10.  -0.5 -0.5 10. ]
 [ 0.5  0.5 -0.5 -0.5]
 [ 0.   0.   0.   0. ]]
[[10.  -0.5 -0.5 10. ]
 [ 0.5  0.5 -0.5 -0.5]
 [ 0.   0.   0.   0. ]]
[[10.  -0.5 -0.5 10. ]
 [ 0.5  0.5 -0.5 -0.5]
 [ 0.   0.   0.   0. ]]
[[10.  -0.5 -0.5 10. ]
 [ 0.5  0.5 -0.5 -0.5]
 [ 0.   0.   0.   0. ]]
[[10.  -0.5 -0.5 10. ]
 [ 0.5  0.5 -0.5 -0.5]
 [ 0.   0.   0.   0. ]]
[[10.  -0.5 -0.5 10. ]
 [ 0.5  0.5 -0.5 -0.5]
 [ 0.   0.   0.   0. ]]
[[10.  -0.5 -0.5 10. ]
 [ 0.5  0.5 -0.5 -0.5]
 [ 0.   0.   0.   0. ]]
[[10.  -0.5 -0.5 10. ]
 [ 0.5  0.5 -0.5 -0.5]
 [ 0.   0.   0.   0. ]]

=======================================
           Academic License
       (NOT FOR COMMERCIAL USE)
         Artelys Knitro 10.3.0
=======================================

Knitro presolve eliminated 387 variables and 20387 constraints.

Knitro changing algorithm from AUTO to 1.
Knitro changing bar_initpt from AUTO to 3.
Knitro changing bar_murule from AUTO to 4.
Knitro changing bar_penaltycons from AUTO to 1.
Knitro changing bar_penaltyrule from AUTO to 2.
Knitro changing bar_switchrule from AUTO to 2.
Knitro changing linesearch from AUTO to 1.
Knitro changing linsolver from AUTO to 5.
Knitro shifted start point to satisfy presolved bounds (49 variables).
Knitro fixing 387 variables eliminated from the presolve.

Problem Characteristics                    ( Presolved)
-----------------------
Objective goal:  Minimize
Number of variables:                        2619 (      2232)
    bounded below only:                        0 (         0)
    bounded above only:                        0 (         0)
    bounded below and above:                2619 (      2232)
    fixed:                                     0 (         0)
    free:                                      0 (         0)
Number of constraints:                     39996 (     19611)
    linear equalities:                      1418 (       911)
    nonlinear equalities:                    294 (       294)
    linear one-sided inequalities:         38281 (     18406)
    nonlinear one-sided inequalities:          0 (         0)
    linear two-sided inequalities:             3 (         0)
    nonlinear two-sided inequalities:          0 (         0)
Number of nonzeros in Jacobian:           214180 (     92780)
Number of nonzeros in Hessian:              6267 (      4732)

  Iter      Objective      FeasError   OptError    ||Step||    CGits 
--------  --------------  ----------  ----------  ----------  -------
       0    4.259234e+02   5.035e+01
      10    5.430507e+02   1.307e+01   2.592e+02   1.042e+01        0
      20    6.419470e+02   7.368e-01   4.199e+03   3.177e+01        0
      30    3.513323e+02   5.909e-02   8.325e-01   2.124e+02        0
      40    3.483052e+02   9.050e-02   6.822e-02   3.530e+00        0
      50    3.471510e+02   4.535e-02   1.038e-01   1.036e+02        0
      60    3.469950e+02   7.818e-03   2.843e-02   1.661e+01        0
      70    3.469322e+02   1.777e-02   1.469e-01   1.301e+01        0
      80    3.468896e+02   2.914e-02   1.866e-02   2.830e+01        0
      90    3.467963e+02   1.926e-02   2.840e-02   2.605e+02        0
     100    3.467684e+02   1.149e-02   1.710e-02   2.763e+01        0
     110    3.467605e+02   6.249e-03   8.211e-03   9.420e+00        0
     120    3.467585e+02   6.807e-04   1.935e-03   5.650e+01        0
     125    3.467584e+02   1.429e-07   4.119e-06   3.684e+01        0

EXIT: Locally optimal solution found.

Final Statistics
----------------
Final objective value               =   3.46758368245684e+02
Final feasibility error (abs / rel) =   1.43e-07 / 2.84e-09
Final optimality error  (abs / rel) =   4.12e-06 / 4.57e-08
# of iterations                     =        125 
# of CG iterations                  =          9 
# of function evaluations           =        150
# of gradient evaluations           =        127
# of Hessian evaluations            =        125
Total program time (secs)           =       4.30982 (     4.310 CPU time)
Time spent in evaluations (secs)    =       0.34940

===============================================================================

      solver  :   t_proc      (avg)   t_wall      (avg)    n_eval
      nlp_fg  | 159.31ms (  1.06ms) 159.09ms (  1.05ms)       151
   nlp_gf_jg  | 171.92ms (  1.35ms) 171.85ms (  1.35ms)       127
    nlp_grad  |   2.59ms (  2.59ms)   2.59ms (  2.59ms)         1
  nlp_hess_l  |  15.96ms (127.66us)  15.81ms (126.45us)       125
       total  |   4.51 s (  4.51 s)   4.50 s (  4.50 s)         1
Round  2 True
Acceleration:  0.0889649633822498
Momentum:  0.26704933788970586
Momentum Rate:  8.451205213642433
Total Program Time:  4.5096
First Level NLP Results:
x_res:  [0.9618 0.9732 0.9855 0.9985 1.012  1.026  1.0403 1.0549 1.0796 1.1026
 1.1243 1.1448 1.1644 1.1834 1.2022 1.206  1.2098 1.2136 1.2174 1.2212
 1.2251 1.2289]
y_res:  [ 0.0656  0.0638  0.0615  0.0587  0.0553  0.0516  0.0475  0.0431  0.0356
  0.0279  0.0203  0.0131  0.0066  0.0006 -0.0047 -0.0057 -0.0066 -0.0076
 -0.0085 -0.0094 -0.0103 -0.0112]
z_res:  [0.7437 0.7417 0.7398 0.7379 0.7361 0.7344 0.7327 0.7312 0.7289 0.726
 0.7226 0.7189 0.7151 0.7112 0.7074 0.7067 0.706  0.7053 0.7046 0.7039
 0.7032 0.7025]
xdot_res:  [0.2659 0.2881 0.3031 0.3157 0.3262 0.3344 0.3401 0.3452 0.3222 0.3042
 0.2872 0.2739 0.2658 0.2633 0.2654 0.2662 0.2669 0.2677 0.2685 0.2694
 0.2702 0.2711]
ydot_res:  [-0.0424 -0.0531 -0.0665 -0.0782 -0.0878 -0.0955 -0.1013 -0.1049 -0.1086
 -0.1062 -0.0999 -0.0918 -0.0831 -0.075  -0.0685 -0.0674 -0.0662 -0.065
 -0.0639 -0.0627 -0.0616 -0.0605]
zdot_res:  [-0.0463 -0.0454 -0.0441 -0.0424 -0.0403 -0.0379 -0.0351 -0.0324 -0.0408
 -0.047  -0.0517 -0.0541 -0.0545 -0.053  -0.0505 -0.0499 -0.0493 -0.0487
 -0.0481 -0.0475 -0.0469 -0.0464]
Lx_res:  [-5.3785e-01 -5.3785e-01 -5.5646e-01 -5.1266e-01 -4.6648e-01 -4.2191e-01
 -4.3523e-01 -4.3479e-01 -1.9804e-01 -1.4364e-01 -7.0306e-02 -2.5693e-02
  1.7160e-02  5.3970e-02  1.0801e-02 -3.7217e-03 -1.3876e-04  1.6504e-02
  3.2501e-02  3.6157e-02  3.2239e-02  1.6981e-02]
Ly_res:  [ 0.3994  0.3994  0.3179  0.2802  0.2266  0.1529  0.0029 -0.1471  0.1029
  0.1479  0.204   0.2341  0.231   0.1867  0.0162  0.0395  0.0593  0.0756
  0.0836  0.0858  0.0799  0.1136]
Lz_res:  [ 0.3994  0.3994  0.3169  0.2385  0.2325  0.2399  0.2577  0.3469  0.3596
  0.2369 -0.0043 -0.1337 -0.2085 -0.2482 -0.2657 -0.2811 -0.278  -0.263
 -0.2409 -0.2241 -0.2147 -0.2127]
Ldotx_res:  [-3.0355e-17 -4.3424e-01  1.0220e+00  1.0777e+00  1.0398e+00 -3.1078e-01
  1.0369e-02  3.3145e+00  7.6162e-01  1.0266e+00  6.2458e-01  5.9994e-01
  5.1534e-01 -6.0437e-01 -1.0166e+00  2.5081e-01  1.1650e+00  1.1198e+00
  2.5594e-01 -2.7425e-01 -1.0681e+00 -1.0220e-15]
Ldoty_res:  [-9.7792e-17 -1.9018e+00 -8.8052e-01 -1.2513e+00 -1.7199e+00 -3.4999e+00
 -3.5000e+00  3.5000e+00  6.3107e-01  7.8544e-01  4.2135e-01 -4.3771e-02
 -6.2060e-01 -2.3872e+00  1.6323e+00  1.3885e+00  1.1393e+00  5.5936e-01
  1.5387e-01 -4.1369e-01  2.3596e+00  7.5102e-16]
Ldotz_res:  [-9.7792e-17 -1.9261e+00 -1.8285e+00 -1.4151e-01  1.7350e-01  4.1548e-01
  2.0806e+00  1.7786e-01 -1.7181e+00 -3.3763e+00 -1.8122e+00 -1.0459e+00
 -5.5616e-01 -2.4586e-01 -1.0757e+00  2.2003e-01  1.0507e+00  1.5430e+00
  1.1750e+00  6.5740e-01  1.3892e-01  1.2161e-01]
px_res:  [1.5559]
py_res:  [0.1769]
pz_res:  [0.]
Ts_res:  [0.3 0.8 0.9]
FR1x_res:  [ 2.9230e-09  1.8671e-08  1.7891e-08  1.8064e-08  1.4924e-08  4.4078e-09
  1.2831e-10  1.7479e-05 -3.5285e-08 -1.7636e+01 -8.2157e+00 -4.7142e+00
 -2.7128e+00  7.1935e+00  2.3702e-03  5.9572e-06  6.0024e-04  1.5625e+01
 -8.4364e-04 -4.5682e-04  5.7764e-01  1.6201e-07]
FR1y_res:  [-5.6813e-08  8.1467e-09  2.3322e-09  2.4010e-09  5.9657e-09  1.0271e-08
  1.0402e-07 -2.2522e-05  6.4847e-06  1.8617e+01  1.9902e+01  1.3657e+01
  9.3183e+00 -2.0392e+01  2.9442e-03  2.5481e-03  1.3888e-02 -3.5407e+01
 -9.7469e-03 -1.0572e-02  1.0781e+00 -4.1416e-07]
FR1z_res:  [4.3323e-05 2.8437e-05 3.0935e-05 3.3354e-05 3.4851e-05 3.4820e-05
 4.6265e-05 1.0778e-04 2.6797e-04 6.2690e+01 1.2835e+02 1.3120e+02
 1.3352e+02 1.3500e+02 1.1186e-02 1.0762e-02 5.4091e-02 1.1805e+02
 4.2943e-02 4.7531e-02 1.1821e+02 3.3333e+02]
Second Level Results:
x_res:  [1.2289 1.2406 1.2523 1.2641 1.2761 1.2881 1.3003 1.3126 1.3332 1.3541
 1.3753 1.3969 1.4187 1.4408 1.4632 1.4768 1.4906 1.5044 1.5183 1.5324
 1.5465 1.5608 1.5751 1.5896 1.6042 1.6188 1.6336 1.6485 1.6634 1.6886
 1.7137 1.7388 1.764  1.7891 1.8142 1.8393 1.8544 1.8695 1.8846 1.8996
 1.9147 1.9298 1.9449 1.96   1.9751 1.9904 2.0058 2.0212 2.0368 2.0525
 2.0788 2.105  2.1313 2.1576 2.1838 2.2101 2.2364 2.2522 2.2679 2.2837
 2.2994 2.3152 2.331  2.3467 2.3625 2.3784 2.3943 2.4104 2.4265 2.4427
 2.459  2.4864 2.5138 2.5411 2.5685 2.5959 2.6232 2.6506 2.667  2.6834
 2.6998 2.7162 2.7327 2.7491 2.7655 2.7819 2.7984 2.815  2.8317 2.8485
 2.8653 2.8823 2.9107 2.9391 2.9675 2.9959 3.0242 3.0526 3.081  3.0981
 3.1151 3.1321 3.1492 3.1662 3.1832 3.2003 3.2173 3.2344 3.2516 3.2689
 3.2863 3.3038 3.3213 3.3507 3.38   3.4094 3.4388 3.4681 3.4975 3.5269
 3.5445 3.5621 3.5797 3.5974 3.615  3.6326 3.6502 3.6679 3.6856 3.7033
 3.7212 3.7391 3.7571 3.7752 3.8055 3.8358 3.8661 3.8964 3.9267 3.9569
 3.9872 4.0054 4.0236 4.0417 4.0599 4.0781 4.0962 4.1144]
y_res:  [-0.0112 -0.0138 -0.0163 -0.0186 -0.0208 -0.0228 -0.0248 -0.0266 -0.0294
 -0.032  -0.0342 -0.0362 -0.038  -0.0395 -0.0408 -0.0414 -0.042  -0.0426
 -0.043  -0.0435 -0.0438 -0.0441 -0.0444 -0.0447 -0.0449 -0.045  -0.0452
 -0.0453 -0.0454 -0.0455 -0.0456 -0.0457 -0.0457 -0.0457 -0.0457 -0.0456
 -0.0455 -0.0455 -0.0454 -0.0453 -0.0451 -0.045  -0.0449 -0.0447 -0.0446
 -0.0444 -0.0442 -0.044  -0.0438 -0.0436 -0.0432 -0.0428 -0.0423 -0.0419
 -0.0413 -0.0408 -0.0402 -0.0399 -0.0395 -0.0391 -0.0388 -0.0384 -0.038
 -0.0375 -0.0371 -0.0367 -0.0362 -0.0358 -0.0353 -0.0349 -0.0344 -0.0336
 -0.0327 -0.0319 -0.031  -0.03   -0.0291 -0.0282 -0.0276 -0.027  -0.0264
 -0.0257 -0.0251 -0.0245 -0.0239 -0.0232 -0.0226 -0.0219 -0.0212 -0.0206
 -0.0199 -0.0192 -0.018  -0.0169 -0.0157 -0.0145 -0.0132 -0.012  -0.0107
 -0.01   -0.0092 -0.0084 -0.0076 -0.0068 -0.006  -0.0052 -0.0044 -0.0036
 -0.0028 -0.002  -0.0012 -0.0003  0.0005  0.0019  0.0033  0.0048  0.0062
  0.0077  0.0091  0.0106  0.0115  0.0124  0.0133  0.0142  0.0151  0.016
  0.0169  0.0178  0.0187  0.0197  0.0206  0.0215  0.0224  0.0234  0.0249
  0.0265  0.0281  0.0296  0.0312  0.0328  0.0344  0.0354  0.0363  0.0373
  0.0382  0.0392  0.0401  0.0411]
z_res:  [0.7025 0.7005 0.6986 0.6968 0.695  0.6933 0.6917 0.6901 0.6876 0.6853
 0.6831 0.6811 0.6793 0.6776 0.6761 0.6752 0.6744 0.6737 0.673  0.6724
 0.6718 0.6712 0.6707 0.6702 0.6697 0.6693 0.669  0.6686 0.6683 0.6679
 0.6675 0.6673 0.6671 0.667  0.6669 0.6669 0.667  0.6671 0.6672 0.6673
 0.6675 0.6677 0.6679 0.6681 0.6684 0.6686 0.6689 0.6692 0.6695 0.6699
 0.6705 0.6711 0.6718 0.6725 0.6733 0.6741 0.6749 0.6754 0.6759 0.6765
 0.677  0.6776 0.6781 0.6787 0.6793 0.6799 0.6805 0.6811 0.6816 0.6823
 0.6829 0.6839 0.6849 0.6859 0.6869 0.6879 0.689  0.69   0.6906 0.6912
 0.6917 0.6923 0.6929 0.6935 0.694  0.6946 0.6951 0.6957 0.6962 0.6967
 0.6972 0.6977 0.6985 0.6993 0.7    0.7007 0.7014 0.702  0.7025 0.7028
 0.7031 0.7034 0.7036 0.7039 0.7041 0.7043 0.7044 0.7046 0.7047 0.7048
 0.7048 0.7049 0.7049 0.7049 0.7048 0.7046 0.7043 0.704  0.7036 0.7031
 0.7027 0.7023 0.7019 0.7014 0.7009 0.7004 0.6998 0.6992 0.6985 0.6979
 0.6971 0.6964 0.6956 0.6947 0.6933 0.6917 0.6901 0.6883 0.6865 0.6847
 0.6828 0.6816 0.6804 0.6793 0.6781 0.6769 0.6756 0.6744]
xdot_res:  [0.2711 0.2736 0.2762 0.2787 0.2812 0.2838 0.2863 0.2888 0.293  0.2972
 0.3014 0.3055 0.3096 0.3138 0.3179 0.3203 0.3228 0.3252 0.3277 0.3301
 0.3325 0.335  0.3374 0.3398 0.3422 0.3446 0.347  0.3494 0.3518 0.3518
 0.3518 0.3518 0.3518 0.3518 0.3518 0.3518 0.3518 0.3518 0.3518 0.3518
 0.3518 0.3518 0.3518 0.3541 0.3564 0.3587 0.361  0.3633 0.3655 0.3678
 0.3678 0.3678 0.3678 0.3678 0.3678 0.3678 0.3678 0.3678 0.3678 0.3678
 0.3678 0.3678 0.3678 0.3678 0.37   0.3722 0.3744 0.3766 0.3787 0.3809
 0.3831 0.3831 0.3831 0.3831 0.3831 0.3831 0.3831 0.3831 0.3831 0.3831
 0.3831 0.3831 0.3831 0.3831 0.3831 0.3851 0.3872 0.3893 0.3913 0.3934
 0.3955 0.3975 0.3975 0.3975 0.3975 0.3975 0.3975 0.3975 0.3975 0.3975
 0.3975 0.3975 0.3975 0.3975 0.3975 0.3975 0.3995 0.4014 0.4034 0.4053
 0.4073 0.4092 0.4112 0.4112 0.4112 0.4112 0.4112 0.4112 0.4112 0.4112
 0.4112 0.4112 0.4112 0.4112 0.4112 0.4112 0.4112 0.413  0.4149 0.4167
 0.4185 0.4204 0.4222 0.4239 0.4239 0.4239 0.4239 0.4239 0.4239 0.4239
 0.4239 0.4239 0.4239 0.4239 0.4239 0.4239 0.4239 0.4239]
ydot_res:  [-6.0494e-02 -5.7267e-02 -5.4130e-02 -5.1083e-02 -4.8126e-02 -4.5259e-02
 -4.2481e-02 -3.9794e-02 -3.5565e-02 -3.1585e-02 -2.7855e-02 -2.4375e-02
 -2.1144e-02 -1.8164e-02 -1.5433e-02 -1.3884e-02 -1.2425e-02 -1.1057e-02
 -9.7776e-03 -8.5886e-03 -7.4894e-03 -6.4802e-03 -5.5609e-03 -4.7315e-03
 -3.9920e-03 -3.3423e-03 -2.7826e-03 -2.3128e-03 -1.9328e-03 -1.4181e-03
 -9.0896e-04 -4.0529e-04  9.2900e-05  5.8563e-04  1.0729e-03  1.5547e-03
  1.8419e-03  2.1270e-03  2.4102e-03  2.6915e-03  2.9708e-03  3.2481e-03
  3.5235e-03  3.7969e-03  4.0683e-03  4.3378e-03  4.6053e-03  4.8709e-03
  5.1345e-03  5.3961e-03  5.8268e-03  6.2520e-03  6.6718e-03  7.0861e-03
  7.4950e-03  7.8985e-03  8.2965e-03  8.5333e-03  8.7682e-03  9.0012e-03
  9.2321e-03  9.4612e-03  9.6882e-03  9.9133e-03  1.0136e-02  1.0358e-02
  1.0577e-02  1.0794e-02  1.1010e-02  1.1223e-02  1.1434e-02  1.1781e-02
  1.2123e-02  1.2459e-02  1.2789e-02  1.3115e-02  1.3434e-02  1.3749e-02
  1.3935e-02  1.4120e-02  1.4303e-02  1.4483e-02  1.4662e-02  1.4839e-02
  1.5014e-02  1.5187e-02  1.5358e-02  1.5527e-02  1.5694e-02  1.5859e-02
  1.6022e-02  1.6184e-02  1.6447e-02  1.6705e-02  1.6957e-02  1.7204e-02
  1.7446e-02  1.7682e-02  1.7912e-02  1.8049e-02  1.8183e-02  1.8316e-02
  1.8446e-02  1.8575e-02  1.8702e-02  1.8827e-02  1.8949e-02  1.9070e-02
  1.9189e-02  1.9306e-02  1.9421e-02  1.9534e-02  1.9645e-02  1.9825e-02
  1.9999e-02  2.0168e-02  2.0331e-02  2.0489e-02  2.0642e-02  2.0789e-02
  2.0875e-02  2.0960e-02  2.1042e-02  2.1123e-02  2.1201e-02  2.1278e-02
  2.1352e-02  2.1425e-02  2.1496e-02  2.1564e-02  2.1631e-02  2.1696e-02
  2.1759e-02  2.1819e-02  2.1909e-02  2.1991e-02  2.2064e-02  2.2128e-02
  2.2183e-02  2.2229e-02  2.2267e-02  2.2286e-02  2.2302e-02  2.2315e-02
  2.2324e-02  2.2331e-02  2.2334e-02  2.2334e-02]
zdot_res:  [-0.0464 -0.0447 -0.043  -0.0413 -0.0397 -0.0381 -0.0366 -0.0351 -0.0326
 -0.0302 -0.0279 -0.0257 -0.0236 -0.0215 -0.0196 -0.0184 -0.0173 -0.0162
 -0.0152 -0.0141 -0.0131 -0.0122 -0.0112 -0.0103 -0.0094 -0.0086 -0.0078
 -0.007  -0.0062 -0.005  -0.0038 -0.0027 -0.0016 -0.0006  0.0005  0.0014
  0.002   0.0026  0.0031  0.0037  0.0042  0.0047  0.0052  0.0057  0.0062
  0.0066  0.0071  0.0075  0.0079  0.0083  0.009   0.0096  0.0101  0.0107
  0.0112  0.0116  0.012   0.0123  0.0125  0.0127  0.0129  0.0131  0.0133
  0.0134  0.0136  0.0137  0.0138  0.0139  0.014   0.0141  0.0142  0.0143
  0.0143  0.0143  0.0143  0.0142  0.0141  0.0139  0.0138  0.0137  0.0136
  0.0134  0.0133  0.0131  0.0129  0.0127  0.0125  0.0123  0.0121  0.0118
  0.0116  0.0113  0.0108  0.0103  0.0097  0.0091  0.0085  0.0078  0.0071
  0.0067  0.0062  0.0057  0.0053  0.0048  0.0043  0.0037  0.0032  0.0027
  0.0021  0.0015  0.0009  0.0003 -0.0003 -0.0013 -0.0024 -0.0036 -0.0047
 -0.0059 -0.0072 -0.0085 -0.0092 -0.01   -0.0108 -0.0117 -0.0125 -0.0133
 -0.0142 -0.0151 -0.016  -0.0168 -0.0178 -0.0187 -0.0196 -0.0205 -0.0219
 -0.0231 -0.0242 -0.0251 -0.026  -0.0266 -0.0272 -0.0275 -0.0277 -0.0279
 -0.0281 -0.0282 -0.0282 -0.0282]
px_res:  [1.879  2.1951 2.5182 2.8346 3.1578 3.4739 3.7265]
py_res:  [-0.0278  0.1709 -0.0337  0.2093  0.0047  0.2032 -0.124 ]
pz_res:  [0. 0. 0. 0. 0. 0. 0.]
Ts_res:  [0.3 0.8 1.1 1.4 1.9 2.2 2.5 3.  3.3 3.6 4.1 4.4 4.7 5.2 5.5 5.8 6.3 6.6
 6.9 7.4 7.7]
The  3 Round:
[[10.  -0.5 -0.5 10. ]
 [ 0.5  0.5 -0.5 -0.5]
 [ 0.   0.   0.   0. ]]
[[10.  -0.5 -0.5 10. ]
 [ 0.5  0.5 -0.5 -0.5]
 [ 0.   0.   0.   0. ]]
[[10.  -0.5 -0.5 10. ]
 [ 0.5  0.5 -0.5 -0.5]
 [ 0.   0.   0.   0. ]]
[[10.  -0.5 -0.5 10. ]
 [ 0.5  0.5 -0.5 -0.5]
 [ 0.   0.   0.   0. ]]
[[10.  -0.5 -0.5 10. ]
 [ 0.5  0.5 -0.5 -0.5]
 [ 0.   0.   0.   0. ]]
[[10.  -0.5 -0.5 10. ]
 [ 0.5  0.5 -0.5 -0.5]
 [ 0.   0.   0.   0. ]]
[[10.  -0.5 -0.5 10. ]
 [ 0.5  0.5 -0.5 -0.5]
 [ 0.   0.   0.   0. ]]
[[10.  -0.5 -0.5 10. ]
 [ 0.5  0.5 -0.5 -0.5]
 [ 0.   0.   0.   0. ]]

=======================================
           Academic License
       (NOT FOR COMMERCIAL USE)
         Artelys Knitro 10.3.0
=======================================

Knitro presolve eliminated 387 variables and 20364 constraints.

Knitro changing algorithm from AUTO to 1.
Knitro changing bar_initpt from AUTO to 3.
Knitro changing bar_murule from AUTO to 4.
Knitro changing bar_penaltycons from AUTO to 1.
Knitro changing bar_penaltyrule from AUTO to 2.
Knitro changing bar_switchrule from AUTO to 2.
Knitro changing linesearch from AUTO to 1.
Knitro changing linsolver from AUTO to 5.
Knitro shifted start point to satisfy presolved bounds (27 variables).
Knitro fixing 387 variables eliminated from the presolve.

Problem Characteristics                    ( Presolved)
-----------------------
Objective goal:  Minimize
Number of variables:                        2619 (      2232)
    bounded below only:                        0 (         0)
    bounded above only:                        0 (         0)
    bounded below and above:                2619 (      2232)
    fixed:                                     0 (         0)
    free:                                      0 (         0)
Number of constraints:                     39996 (     19634)
    linear equalities:                      1418 (       911)
    nonlinear equalities:                    294 (       294)
    linear one-sided inequalities:         38281 (     18429)
    nonlinear one-sided inequalities:          0 (         0)
    linear two-sided inequalities:             3 (         0)
    nonlinear two-sided inequalities:          0 (         0)
Number of nonzeros in Jacobian:           214180 (     93214)
Number of nonzeros in Hessian:              6267 (      4732)

  Iter      Objective      FeasError   OptError    ||Step||    CGits 
--------  --------------  ----------  ----------  ----------  -------
       0    3.851616e+02   5.031e+01
      10    6.000922e+02   1.086e-01   7.047e+01   6.591e+01        0
      20    3.132196e+02   9.629e-03   2.195e-01   1.820e+02        0
      30    3.110512e+02   2.622e-04   8.173e-03   7.051e+01        0
      34    3.110448e+02   2.542e-06   4.747e-05   5.865e+01        0

EXIT: Locally optimal solution found.

Final Statistics
----------------
Final objective value               =   3.11044835055826e+02
Final feasibility error (abs / rel) =   2.54e-06 / 5.05e-08
Final optimality error  (abs / rel) =   4.75e-05 / 5.29e-07
# of iterations                     =         34 
# of CG iterations                  =          0 
# of function evaluations           =         36
# of gradient evaluations           =         36
# of Hessian evaluations            =         34
Total program time (secs)           =       1.04642 (     1.046 CPU time)
Time spent in evaluations (secs)    =       0.08887

===============================================================================

      solver  :   t_proc      (avg)   t_wall      (avg)    n_eval
      nlp_fg  |  38.92ms (  1.05ms)  38.89ms (  1.05ms)        37
   nlp_gf_jg  |  47.87ms (  1.33ms)  47.86ms (  1.33ms)        36
    nlp_grad  |   2.38ms (  2.38ms)   2.39ms (  2.39ms)         1
  nlp_hess_l  |   4.43ms (130.21us)   4.39ms (129.09us)        34
       total  |   1.25 s (  1.25 s)   1.24 s (  1.24 s)         1
Round  3 True
Acceleration:  1.912027434474148
Momentum:  0.3535805339323543
Momentum Rate:  9.978752720511686
Total Program Time:  1.2468
First Level NLP Results:
x_res:  [1.2289 1.2406 1.2531 1.268  1.285  1.3036 1.3233 1.3439 1.3797 1.4116
 1.44   1.465  1.4869 1.5063 1.5239 1.5272 1.5305 1.5339 1.5372 1.5406
 1.544  1.5474]
y_res:  [-0.0112 -0.0138 -0.0152 -0.0123 -0.006   0.0029  0.0138  0.0259  0.0471
  0.0625  0.0721  0.0759  0.0742  0.0681  0.0589  0.0568  0.0547  0.0526
  0.0505  0.0484  0.0464  0.0444]
z_res:  [0.7025 0.7005 0.6996 0.6997 0.7005 0.7022 0.7047 0.7078 0.714  0.7163
 0.7158 0.7135 0.7097 0.7051 0.6999 0.6988 0.6977 0.6967 0.6956 0.6946
 0.6935 0.6925]
xdot_res:  [0.2711 0.2922 0.3488 0.3962 0.4334 0.4608 0.479  0.5019 0.4465 0.3978
 0.3493 0.3063 0.2717 0.2467 0.233  0.2334 0.2342 0.2351 0.236  0.2371
 0.2383 0.2397]
ydot_res:  [-0.0605 -0.0314  0.0661  0.1466  0.2089  0.2537  0.2826  0.2967  0.2158
  0.1349  0.0523 -0.0232 -0.0852 -0.1286 -0.1502 -0.1489 -0.1476 -0.1461
 -0.1444 -0.1425 -0.1405 -0.1382]
zdot_res:  [-0.0464 -0.0211  0.0003  0.0203  0.0393  0.0572  0.0742  0.0867  0.0312
 -0.0059 -0.0333 -0.0524 -0.065  -0.0726 -0.0757 -0.0751 -0.0744 -0.0738
 -0.0731 -0.0725 -0.0717 -0.071 ]
Lx_res:  [ 0.017   0.017  -0.133  -0.283  -0.431  -0.4396 -0.3845 -0.3282 -0.5782
 -0.7105 -0.7807 -0.8167 -0.8647 -0.9058 -1.0279 -0.9901 -0.9671 -0.961
 -0.9712 -0.9681 -0.9495 -0.9441]
Ly_res:  [0.1136 0.1136 0.2636 0.3197 0.2513 0.2359 0.1646 0.0146 0.2646 0.4538
 0.503  0.4897 0.4503 0.4691 0.5111 0.5611 0.5974 0.6165 0.6183 0.6335
 0.6654 0.7093]
Lz_res:  [0.1136 0.1136 0.1571 0.2261 0.2473 0.2302 0.2525 0.2774 0.2171 0.2215
 0.2565 0.2778 0.3268 0.415  0.6105 0.6605 0.6953 0.7141 0.7174 0.7064
 0.7091 0.7263]
Ldotx_res:  [-1.0220e-15 -3.4999e+00 -3.4996e+00 -3.4527e+00 -2.0228e-01  1.2869e+00
  1.3131e+00 -3.4999e+00 -1.8518e+00 -9.8361e-01 -5.0417e-01 -6.7194e-01
 -5.7422e-01 -1.7101e+00  2.6485e+00  1.6083e+00  4.3019e-01 -7.1515e-01
  2.1698e-01  1.2992e+00  3.7872e-01 -3.0355e-17]
Ldoty_res:  [ 7.5102e-16  3.4997e+00  1.3092e+00 -1.5965e+00 -3.5823e-01 -1.6651e+00
 -3.5000e+00  3.4999e+00  2.6490e+00  6.8876e-01 -1.8526e-01 -5.5197e-01
  2.6291e-01  5.8886e-01  3.4993e+00  2.5409e+00  1.3345e+00  1.2342e-01
  1.0665e+00  2.2347e+00  3.0711e+00 -9.7792e-17]
Ldotz_res:  [ 7.5102e-16  1.0156e+00  1.6089e+00  4.9529e-01 -3.9868e-01  5.1971e-01
  5.8240e-01 -8.4415e-01  6.1173e-02  4.8946e-01  2.9905e-01  6.8491e-01
  1.2352e+00  2.7372e+00  3.4997e+00  2.4379e+00  1.3162e+00  2.2981e-01
 -7.7217e-01  1.8959e-01  1.2062e+00  1.0864e+00]
px_res:  [1.879]
py_res:  [-0.0278]
pz_res:  [0.]
Ts_res:  [0.3 0.8 0.9]
FR1x_res:  [-1.7051e-04  1.7290e-05 -1.3284e-06 -2.8815e-07 -3.4722e-06  9.5960e-08
  4.7628e-05  0.0000e+00  0.0000e+00  0.0000e+00  0.0000e+00  0.0000e+00
  0.0000e+00  0.0000e+00 -2.4260e-02 -2.3035e-02 -1.7509e-02 -1.0691e-02
  4.7203e-02  1.5264e-01 -3.5274e-01  1.2237e-08]
FR1y_res:  [ 2.9597e-04  4.0016e-05 -4.7415e-07  1.5178e-07  6.1637e-06 -1.6998e-07
 -1.2367e-04  0.0000e+00  0.0000e+00  0.0000e+00  0.0000e+00  0.0000e+00
  0.0000e+00  0.0000e+00 -7.2819e-02 -6.5417e-02 -8.9173e-02 -5.5161e-02
  1.7649e-01  6.7789e-01 -3.7710e+00 -3.1281e-08]
FR1z_res:  [3.6713e-03 8.8100e-03 9.6586e-03 1.0138e-02 1.0529e-02 1.0944e-02
 2.0560e-02 0.0000e+00 0.0000e+00 0.0000e+00 0.0000e+00 0.0000e+00
 0.0000e+00 0.0000e+00 3.2673e-01 4.9037e-01 6.9437e-01 9.6139e-01
 1.3865e+00 3.4372e+00 9.4147e+01 3.3333e+02]
Second Level Results:
x_res:  [1.5474 1.5577 1.5681 1.5787 1.5895 1.6005 1.6116 1.6229 1.642  1.6615
 1.6815 1.7019 1.7228 1.7441 1.7658 1.7791 1.7926 1.8062 1.8199 1.8338
 1.8479 1.8621 1.8764 1.8909 1.9056 1.9203 1.9353 1.9503 1.9655 1.9911
 2.0167 2.0423 2.0678 2.0934 2.119  2.1445 2.1599 2.1752 2.1906 2.2059
 2.2213 2.2366 2.252  2.2673 2.2828 2.2984 2.3141 2.3299 2.3458 2.3619
 2.3888 2.4158 2.4427 2.4697 2.4966 2.5236 2.5505 2.5667 2.5828 2.599
 2.6152 2.6314 2.6475 2.6637 2.6799 2.6961 2.7125 2.729  2.7455 2.7621
 2.7789 2.8069 2.835  2.863  2.8911 2.9191 2.9471 2.9752 2.992  3.0088
 3.0257 3.0425 3.0593 3.0762 3.093  3.1098 3.1267 3.1437 3.1607 3.1778
 3.195  3.2123 3.2411 3.27   3.2988 3.3277 3.3566 3.3854 3.4143 3.4316
 3.4489 3.4662 3.4836 3.5009 3.5182 3.5355 3.5528 3.5702 3.5876 3.6051
 3.6226 3.6401 3.6577 3.6871 3.7165 3.7459 3.7753 3.8047 3.8341 3.8635
 3.8811 3.8988 3.9164 3.934  3.9517 3.9693 3.9869 4.0046 4.0222 4.0399
 4.0576 4.0754 4.0931 4.1109 4.1405 4.1702 4.1998 4.2294 4.2591 4.2887
 4.3184 4.3362 4.354  4.3717 4.3895 4.4073 4.4251 4.4429]
y_res:  [ 4.4361e-02  3.8436e-02  3.2789e-02  2.7412e-02  2.2301e-02  1.7447e-02
  1.2844e-02  8.4864e-03  1.6198e-03 -4.6163e-03 -1.0252e-02 -1.5319e-02
 -1.9847e-02 -2.3867e-02 -2.7408e-02 -2.9265e-02 -3.0968e-02 -3.2522e-02
 -3.3936e-02 -3.5215e-02 -3.6365e-02 -3.7395e-02 -3.8309e-02 -3.9115e-02
 -3.9819e-02 -4.0428e-02 -4.0948e-02 -4.1386e-02 -4.1748e-02 -4.2233e-02
 -4.2543e-02 -4.2698e-02 -4.2722e-02 -4.2634e-02 -4.2459e-02 -4.2216e-02
 -4.2043e-02 -4.1855e-02 -4.1651e-02 -4.1432e-02 -4.1199e-02 -4.0951e-02
 -4.0690e-02 -4.0415e-02 -4.0126e-02 -3.9825e-02 -3.9510e-02 -3.9183e-02
 -3.8844e-02 -3.8492e-02 -3.7885e-02 -3.7247e-02 -3.6576e-02 -3.5876e-02
 -3.5145e-02 -3.4385e-02 -3.3597e-02 -3.3107e-02 -3.2608e-02 -3.2100e-02
 -3.1582e-02 -3.1054e-02 -3.0518e-02 -2.9972e-02 -2.9418e-02 -2.8855e-02
 -2.8283e-02 -2.7703e-02 -2.7115e-02 -2.6518e-02 -2.5914e-02 -2.4893e-02
 -2.3850e-02 -2.2786e-02 -2.1702e-02 -2.0598e-02 -1.9475e-02 -1.8332e-02
 -1.7636e-02 -1.6933e-02 -1.6224e-02 -1.5508e-02 -1.4787e-02 -1.4059e-02
 -1.3326e-02 -1.2586e-02 -1.1841e-02 -1.1091e-02 -1.0334e-02 -9.5729e-03
 -8.8060e-03 -8.0338e-03 -6.7384e-03 -5.4292e-03 -4.1066e-03 -2.7710e-03
 -1.4229e-03 -6.2626e-05  1.3094e-03  2.1394e-03  2.9734e-03  3.8113e-03
  4.6531e-03  5.4986e-03  6.3478e-03  7.2005e-03  8.0568e-03  8.9166e-03
  9.7797e-03  1.0646e-02  1.1516e-02  1.2388e-02  1.3264e-02  1.4729e-02
  1.6202e-02  1.7682e-02  1.9169e-02  2.0664e-02  2.2165e-02  2.3673e-02
  2.4581e-02  2.5491e-02  2.6404e-02  2.7318e-02  2.8234e-02  2.9152e-02
  3.0071e-02  3.0993e-02  3.1915e-02  3.2840e-02  3.3765e-02  3.4693e-02
  3.5621e-02  3.6551e-02  3.8102e-02  3.9657e-02  4.1214e-02  4.2773e-02
  4.4335e-02  4.5898e-02  4.7463e-02  4.8402e-02  4.9342e-02  5.0282e-02
  5.1222e-02  5.2163e-02  5.3104e-02  5.4044e-02]
z_res:  [0.6925 0.6895 0.6865 0.6837 0.6809 0.6782 0.6756 0.6731 0.6691 0.6653
 0.6617 0.6583 0.6551 0.6522 0.6494 0.6479 0.6464 0.645  0.6436 0.6423
 0.6411 0.6399 0.6388 0.6377 0.6367 0.6357 0.6348 0.634  0.6332 0.6319
 0.6308 0.6297 0.6288 0.628  0.6274 0.6268 0.6265 0.6262 0.626  0.6258
 0.6256 0.6255 0.6254 0.6254 0.6253 0.6253 0.6254 0.6255 0.6256 0.6257
 0.626  0.6263 0.6267 0.6273 0.6279 0.6285 0.6293 0.6298 0.6303 0.6309
 0.6315 0.6321 0.6327 0.6334 0.6341 0.6348 0.6356 0.6363 0.6371 0.638
 0.6388 0.6403 0.6418 0.6434 0.645  0.6468 0.6486 0.6504 0.6515 0.6527
 0.6539 0.6551 0.6564 0.6576 0.6589 0.6602 0.6615 0.6628 0.6642 0.6656
 0.667  0.6684 0.6708 0.6732 0.6757 0.6782 0.6808 0.6835 0.6862 0.6878
 0.6894 0.6911 0.6928 0.6945 0.6962 0.6979 0.6997 0.7014 0.7032 0.705
 0.7068 0.7086 0.7104 0.7135 0.7166 0.7197 0.7229 0.7261 0.7293 0.7325
 0.7345 0.7365 0.7384 0.7404 0.7424 0.7444 0.7465 0.7485 0.7505 0.7525
 0.7546 0.7566 0.7587 0.7608 0.7642 0.7677 0.7712 0.7746 0.7781 0.7817
 0.7852 0.7873 0.7894 0.7915 0.7936 0.7958 0.7979 0.8   ]
xdot_res:  [0.2397 0.2437 0.2476 0.2516 0.2555 0.2594 0.2633 0.2672 0.2735 0.2798
 0.286  0.2922 0.2983 0.3043 0.3103 0.3139 0.3174 0.3209 0.3244 0.3279
 0.3313 0.3347 0.3381 0.3415 0.3449 0.3482 0.3515 0.3548 0.358  0.358
 0.358  0.358  0.358  0.358  0.358  0.358  0.358  0.358  0.358  0.358
 0.358  0.358  0.358  0.3608 0.3636 0.3664 0.3692 0.3719 0.3746 0.3773
 0.3773 0.3773 0.3773 0.3773 0.3773 0.3773 0.3773 0.3773 0.3773 0.3773
 0.3773 0.3773 0.3773 0.3773 0.3795 0.3818 0.384  0.3862 0.3884 0.3905
 0.3926 0.3926 0.3926 0.3926 0.3926 0.3926 0.3926 0.3926 0.3926 0.3926
 0.3926 0.3926 0.3926 0.3926 0.3926 0.3943 0.396  0.3977 0.3993 0.4009
 0.4025 0.4041 0.4041 0.4041 0.4041 0.4041 0.4041 0.4041 0.4041 0.4041
 0.4041 0.4041 0.4041 0.4041 0.4041 0.4041 0.4052 0.4063 0.4074 0.4085
 0.4095 0.4105 0.4115 0.4115 0.4115 0.4115 0.4115 0.4115 0.4115 0.4115
 0.4115 0.4115 0.4115 0.4115 0.4115 0.4115 0.4115 0.4121 0.4126 0.4132
 0.4137 0.4141 0.4146 0.415  0.415  0.415  0.415  0.415  0.415  0.415
 0.415  0.415  0.415  0.415  0.415  0.415  0.415  0.415 ]
ydot_res:  [-0.1382 -0.1318 -0.1254 -0.1193 -0.1133 -0.1074 -0.1017 -0.0961 -0.0873
 -0.0789 -0.0709 -0.0634 -0.0563 -0.0496 -0.0433 -0.0397 -0.0363 -0.033
 -0.0298 -0.0269 -0.024  -0.0213 -0.0188 -0.0164 -0.0142 -0.0121 -0.0102
 -0.0084 -0.0068 -0.0043 -0.0022 -0.0003  0.0012  0.0025  0.0034  0.004
  0.0044  0.0048  0.0051  0.0054  0.0058  0.0061  0.0064  0.0067  0.007
  0.0073  0.0076  0.0079  0.0082  0.0085  0.0089  0.0094  0.0098  0.0102
  0.0106  0.011   0.0114  0.0116  0.0119  0.0121  0.0123  0.0125  0.0127
  0.0129  0.0131  0.0133  0.0135  0.0137  0.0139  0.0141  0.0143  0.0146
  0.0149  0.0152  0.0155  0.0157  0.016   0.0162  0.0164  0.0165  0.0167
  0.0168  0.017   0.0171  0.0173  0.0174  0.0175  0.0176  0.0178  0.0179
  0.018   0.0181  0.0183  0.0185  0.0187  0.0189  0.019   0.0192  0.0194
  0.0195  0.0196  0.0196  0.0197  0.0198  0.0199  0.02    0.0201  0.0201
  0.0202  0.0203  0.0204  0.0204  0.0205  0.0206  0.0207  0.0208  0.0209
  0.021   0.0211  0.0212  0.0212  0.0213  0.0213  0.0214  0.0214  0.0215
  0.0215  0.0215  0.0216  0.0216  0.0216  0.0217  0.0217  0.0217  0.0218
  0.0218  0.0218  0.0219  0.0219  0.0219  0.0219  0.0219  0.0219  0.0219
  0.0219  0.0219  0.022   0.022 ]
zdot_res:  [-0.071  -0.0688 -0.0667 -0.0646 -0.0625 -0.0605 -0.0585 -0.0565 -0.0533
 -0.0502 -0.0472 -0.0443 -0.0415 -0.0388 -0.0362 -0.0347 -0.0331 -0.0317
 -0.0302 -0.0288 -0.0275 -0.0261 -0.0248 -0.0236 -0.0223 -0.0211 -0.02
 -0.0188 -0.0177 -0.016  -0.0143 -0.0126 -0.0111 -0.0096 -0.0082 -0.0068
 -0.006  -0.0053 -0.0045 -0.0037 -0.0029 -0.0022 -0.0014 -0.0006  0.0001
  0.0009  0.0016  0.0023  0.003   0.0038  0.005   0.0061  0.0073  0.0084
  0.0095  0.0107  0.0117  0.0124  0.013   0.0137  0.0143  0.015   0.0156
  0.0162  0.0168  0.0174  0.018   0.0186  0.0192  0.0198  0.0204  0.0213
  0.0223  0.0232  0.0241  0.025   0.0259  0.0268  0.0273  0.0278  0.0283
  0.0288  0.0293  0.0298  0.0302  0.0307  0.0312  0.0317  0.0321  0.0326
  0.033   0.0335  0.0342  0.0349  0.0356  0.0363  0.0369  0.0376  0.0382
  0.0386  0.0389  0.0393  0.0396  0.04    0.0403  0.0407  0.041   0.0413
  0.0416  0.042   0.0423  0.0426  0.0429  0.0433  0.0438  0.0442  0.0447
  0.0451  0.0455  0.0458  0.046   0.0463  0.0465  0.0467  0.0469  0.047
  0.0472  0.0474  0.0476  0.0477  0.0479  0.048   0.0482  0.0483  0.0485
  0.0487  0.0489  0.049   0.0491  0.0492  0.0493  0.0494  0.0494  0.0494
  0.0495  0.0495  0.0495  0.0495]
px_res:  [2.1951 2.5182 2.8343 3.1575 3.4736 3.7967 4.081 ]
py_res:  [ 0.1707 -0.0339  0.1646 -0.04    0.1585 -0.0462  0.2511]
pz_res:  [0. 0. 0. 0. 0. 0. 0.]
Ts_res:  [0.3 0.8 1.1 1.4 1.9 2.2 2.5 3.  3.3 3.6 4.1 4.4 4.7 5.2 5.5 5.8 6.3 6.6
 6.9 7.4 7.7]
The  4 Round:
[[10.  -0.5 -0.5 10. ]
 [ 0.5  0.5 -0.5 -0.5]
 [ 0.   0.   0.   0. ]]
[[10.  -0.5 -0.5 10. ]
 [ 0.5  0.5 -0.5 -0.5]
 [ 0.   0.   0.   0. ]]
[[10.  -0.5 -0.5 10. ]
 [ 0.5  0.5 -0.5 -0.5]
 [ 0.   0.   0.   0. ]]
[[10.  -0.5 -0.5 10. ]
 [ 0.5  0.5 -0.5 -0.5]
 [ 0.   0.   0.   0. ]]
[[10.  -0.5 -0.5 10. ]
 [ 0.5  0.5 -0.5 -0.5]
 [ 0.   0.   0.   0. ]]
[[10.  -0.5 -0.5 10. ]
 [ 0.5  0.5 -0.5 -0.5]
 [ 0.   0.   0.   0. ]]
[[10.  -0.5 -0.5 10. ]
 [ 0.5  0.5 -0.5 -0.5]
 [ 0.   0.   0.   0. ]]
[[10.  -0.5 -0.5 10. ]
 [ 0.5  0.5 -0.5 -0.5]
 [ 0.   0.   0.   0. ]]

=======================================
           Academic License
       (NOT FOR COMMERCIAL USE)
         Artelys Knitro 10.3.0
=======================================

Knitro presolve eliminated 387 variables and 20325 constraints.

Knitro changing algorithm from AUTO to 1.
Knitro changing bar_initpt from AUTO to 3.
Knitro changing bar_murule from AUTO to 4.
Knitro changing bar_penaltycons from AUTO to 1.
Knitro changing bar_penaltyrule from AUTO to 2.
Knitro changing bar_switchrule from AUTO to 2.
Knitro changing linesearch from AUTO to 1.
Knitro changing linsolver from AUTO to 5.
Knitro shifted start point to satisfy presolved bounds (60 variables).
Knitro fixing 387 variables eliminated from the presolve.

Problem Characteristics                    ( Presolved)
-----------------------
Objective goal:  Minimize
Number of variables:                        2619 (      2232)
    bounded below only:                        0 (         0)
    bounded above only:                        0 (         0)
    bounded below and above:                2619 (      2232)
    fixed:                                     0 (         0)
    free:                                      0 (         0)
Number of constraints:                     39996 (     19673)
    linear equalities:                      1418 (       911)
    nonlinear equalities:                    294 (       294)
    linear one-sided inequalities:         38281 (     18468)
    nonlinear one-sided inequalities:          0 (         0)
    linear two-sided inequalities:             3 (         0)
    nonlinear two-sided inequalities:          0 (         0)
Number of nonzeros in Jacobian:           214180 (     92966)
Number of nonzeros in Hessian:              6267 (      4732)

  Iter      Objective      FeasError   OptError    ||Step||    CGits 
--------  --------------  ----------  ----------  ----------  -------
       0    3.467646e+02   5.140e+01
      10    3.268875e+02   8.363e-02   2.171e+00   3.602e+01        0
      20    2.788887e+02   1.311e-02   6.691e-02   6.696e+01        0
      30    2.784290e+02   7.942e-05   1.590e-03   3.396e+01        0
      32    2.784287e+02   5.305e-09   1.674e-09   1.177e+00        0

EXIT: Locally optimal solution found.

Final Statistics
----------------
Final objective value               =   2.78428651987110e+02
Final feasibility error (abs / rel) =   5.30e-09 / 1.03e-10
Final optimality error  (abs / rel) =   1.67e-09 / 1.88e-11
# of iterations                     =         32 
# of CG iterations                  =          0 
# of function evaluations           =         37
# of gradient evaluations           =         34
# of Hessian evaluations            =         32
Total program time (secs)           =       1.00562 (     1.006 CPU time)
Time spent in evaluations (secs)    =       0.08815

===============================================================================

      solver  :   t_proc      (avg)   t_wall      (avg)    n_eval
      nlp_fg  |  40.93ms (  1.08ms)  40.89ms (  1.08ms)        38
   nlp_gf_jg  |  45.35ms (  1.33ms)  45.32ms (  1.33ms)        34
    nlp_grad  |   2.22ms (  2.22ms)   2.22ms (  2.22ms)         1
  nlp_hess_l  |   4.04ms (126.16us)   4.00ms (125.10us)        32
       total  |   1.20 s (  1.20 s)   1.20 s (  1.20 s)         1
Round  4 True
Acceleration:  1.6713576439179343
Momentum:  2.1512438546011
Momentum Rate:  12.482152162914057
Total Program Time:  1.2047
First Level NLP Results:
x_res:  [1.5474 1.5539 1.5606 1.5687 1.5781 1.5888 1.6003 1.6127 1.6466 1.6743
 1.6954 1.7104 1.7201 1.7256 1.7283 1.7286 1.729  1.7294 1.7299 1.7304
 1.731  1.7316]
y_res:  [ 0.0444  0.0406  0.0363  0.033   0.0306  0.0291  0.0282  0.028   0.0284
  0.026   0.0208  0.0134  0.0047 -0.0047 -0.0143 -0.0161 -0.0178 -0.0195
 -0.021  -0.0225 -0.024  -0.0253]
z_res:  [0.6925 0.6906 0.6888 0.6875 0.6865 0.6859 0.6857 0.6858 0.6869 0.685
 0.6807 0.6749 0.6681 0.6608 0.6536 0.6522 0.6509 0.6497 0.6484 0.6473
 0.6461 0.645 ]
xdot_res:  [0.2397 0.2427 0.2975 0.3473 0.3895 0.4246 0.4528 0.4747 0.3873 0.2959
 0.21   0.1355 0.0768 0.0384 0.0239 0.0267 0.0295 0.0325 0.0357 0.039
 0.0425 0.0461]
ydot_res:  [-0.1382 -0.1571 -0.121  -0.0869 -0.0571 -0.0313 -0.01    0.0069 -0.0341
 -0.0735 -0.1029 -0.1222 -0.1321 -0.1335 -0.1261 -0.1208 -0.1155 -0.1102
 -0.1049 -0.0996 -0.0942 -0.0888]
zdot_res:  [-0.071  -0.0643 -0.05   -0.0357 -0.022  -0.0085  0.0042  0.0163 -0.0276
 -0.0599 -0.0815 -0.0949 -0.1015 -0.1015 -0.0948 -0.0917 -0.0886 -0.0856
 -0.0826 -0.0795 -0.0765 -0.0735]
Lx_res:  [-0.9441 -0.9441 -1.0395 -1.135  -1.2304 -1.3258 -1.4212 -1.5167 -1.2667
 -1.051  -0.8622 -0.6917 -0.5449 -0.4895 -0.6191 -0.6638 -0.7032 -0.7374
 -0.7664 -0.7901 -0.8186 -0.8627]
Ly_res:  [0.7093 0.7093 0.8047 0.8856 0.9413 0.9719 0.9757 0.9524 1.1131 1.0918
 1.0174 0.9643 0.9796 1.0408 1.0921 1.0648 1.0431 1.0271 1.0166 1.0117
 1.0024 1.0376]
Lz_res:  [ 0.7093  0.7093  0.6799  0.6601  0.6397  0.6134  0.6107  0.6228  0.5638
  0.3524  0.1024 -0.1248 -0.3047 -0.4347 -0.58   -0.63   -0.6745 -0.7133
 -0.7467 -0.7745 -0.7967 -0.8233]
Ldotx_res:  [-3.0355e-17 -3.5000e+00 -3.5000e+00 -3.5000e+00 -3.5000e+00 -3.5000e+00
 -3.5000e+00  3.5000e+00  3.0192e+00  2.6433e+00  2.3867e+00  2.0551e+00
  7.7638e-01 -1.8152e+00 -3.1259e+00 -2.7604e+00 -2.3946e+00 -2.0282e+00
 -1.6611e+00 -1.9907e+00 -3.0887e+00 -9.1148e-17]
Ldoty_res:  [-9.7792e-17  3.5000e+00  2.9672e+00  2.0412e+00  1.1239e+00  1.3964e-01
 -8.5634e-01  2.2503e+00 -2.9864e-01 -1.0416e+00 -7.4288e-01  2.1374e-01
  8.5673e-01  7.1825e-01 -1.9088e+00 -1.5174e+00 -1.1259e+00 -7.3436e-01
 -3.4242e-01 -6.4726e-01  2.4604e+00 -1.7532e-16]
Ldotz_res:  [-9.7792e-17 -1.0763e+00 -7.2904e-01 -7.4877e-01 -9.6274e-01 -9.9963e-02
  4.4429e-01 -8.2524e-01 -2.9608e+00 -3.5000e+00 -3.1799e+00 -2.5183e+00
 -1.8200e+00 -2.0350e+00 -3.5000e+00 -3.1111e+00 -2.7222e+00 -2.3332e+00
 -1.9440e+00 -1.5545e+00 -1.8621e+00 -1.6511e+00]
px_res:  [2.1951]
py_res:  [0.1707]
pz_res:  [0.]
Ts_res:  [0.1909 0.6909 0.7909]
FR1x_res:  [-7.4086e-14 -9.1120e-13 -6.5964e-13 -7.6848e-13  5.2896e-10  2.5781e-09
  7.0129e-12  2.1685e-12 -1.5641e-12 -3.3251e-09 -5.6695e-09 -1.1038e-11
  4.7358e-12 -7.9476e-11 -3.9320e-05 -3.5820e-05 -3.1947e-05 -2.6131e-05
 -1.2053e-05  4.0125e-05  3.3469e+00  1.7527e-09]
FR1y_res:  [-4.3630e-13  1.0702e-12  8.7311e-13  1.7011e-12  1.1665e-09  6.8408e-09
  2.1587e-12 -5.4668e-08  1.5683e-12  6.1218e-09  1.0435e-08  4.5004e-11
 -1.2200e-11  4.7914e-11  4.7109e-05  4.5653e-05  4.4518e-05  4.1248e-05
  2.2082e-05 -6.9923e-05  4.6132e+00 -4.4804e-09]
FR1z_res:  [5.3486e-07 1.3994e-06 1.5456e-06 1.5745e-06 1.6046e-06 1.6653e-06
 1.7444e-06 1.0208e-06 1.3289e-06 1.7082e-06 2.2416e-06 3.0143e-06
 4.1030e-06 6.0745e-06 1.9701e-04 2.0834e-04 2.3580e-04 2.9690e-04
 4.5564e-04 8.7424e-04 1.2162e+02 3.3333e+02]
Second Level Results:
x_res:  [1.7316 1.7336 1.736  1.7389 1.7422 1.746  1.7503 1.755  1.7635 1.7732
 1.7841 1.7961 1.8093 1.8235 1.8389 1.8487 1.8589 1.8695 1.8805 1.8918
 1.9035 1.9156 1.928  1.9408 1.954  1.9675 1.9813 1.9955 2.0101 2.035
 2.0598 2.0847 2.1096 2.1344 2.1593 2.1842 2.1991 2.214  2.2289 2.2438
 2.2587 2.2737 2.2886 2.3035 2.3187 2.3342 2.35   2.3662 2.3826 2.3992
 2.4275 2.4558 2.4841 2.5124 2.5407 2.569  2.5973 2.6143 2.6312 2.6482
 2.6652 2.6822 2.6992 2.7161 2.7331 2.7503 2.7678 2.7855 2.8034 2.8215
 2.8399 2.871  2.902  2.933  2.964  2.995  3.026  3.0571 3.0757 3.0943
 3.1129 3.1315 3.1501 3.1687 3.1873 3.2059 3.2247 3.2437 3.2628 3.2821
 3.3016 3.3213 3.3543 3.3874 3.4204 3.4534 3.4864 3.5195 3.5525 3.5723
 3.5921 3.612  3.6318 3.6516 3.6714 3.6912 3.7111 3.731  3.7511 3.7712
 3.7915 3.8119 3.8324 3.8667 3.9011 3.9354 3.9697 4.0041 4.0384 4.0728
 4.0934 4.114  4.1346 4.1552 4.1758 4.1964 4.217  4.2376 4.2582 4.279
 4.2997 4.3206 4.3414 4.3623 4.3973 4.4322 4.4672 4.5021 4.537  4.572
 4.6069 4.6279 4.6488 4.6698 4.6907 4.7117 4.7327 4.7536]
y_res:  [-0.0253 -0.0291 -0.0323 -0.0348 -0.0368 -0.0382 -0.0391 -0.0396 -0.0397
 -0.0387 -0.037  -0.0347 -0.0319 -0.0288 -0.0256 -0.0238 -0.0219 -0.0201
 -0.0183 -0.0166 -0.0149 -0.0132 -0.0115 -0.0098 -0.0082 -0.0066 -0.0051
 -0.0035 -0.002   0.0005  0.0029  0.0052  0.0075  0.0097  0.0119  0.0139
  0.0152  0.0163  0.0175  0.0186  0.0198  0.0209  0.0219  0.023   0.024
  0.025   0.026   0.027   0.0279  0.0288  0.0303  0.0318  0.0331  0.0345
  0.0358  0.037   0.0381  0.0388  0.0395  0.0401  0.0407  0.0413  0.0419
  0.0424  0.043   0.0435  0.044   0.0445  0.045   0.0454  0.0459  0.0466
  0.0472  0.0478  0.0484  0.0489  0.0494  0.0499  0.0501  0.0503  0.0505
  0.0507  0.0509  0.0511  0.0513  0.0514  0.0515  0.0517  0.0518  0.0519
  0.0519  0.052   0.0521  0.0522  0.0522  0.0522  0.0522  0.0521  0.052
  0.052   0.0519  0.0518  0.0517  0.0516  0.0515  0.0513  0.0512  0.0511
  0.0509  0.0508  0.0506  0.0504  0.0502  0.0499  0.0496  0.0492  0.0488
  0.0484  0.048   0.0476  0.0473  0.047   0.0468  0.0465  0.0462  0.0459
  0.0456  0.0453  0.045   0.0447  0.0444  0.044   0.0437  0.0434  0.0428
  0.0423  0.0417  0.0412  0.0406  0.04    0.0394  0.0391  0.0387  0.0383
  0.038   0.0376  0.0373  0.0369]
z_res:  [0.645  0.6419 0.6391 0.6367 0.6346 0.6327 0.6312 0.63   0.6283 0.6272
 0.6265 0.6263 0.6263 0.6266 0.6269 0.6271 0.6273 0.6275 0.6278 0.628
 0.6282 0.6284 0.6286 0.6288 0.6291 0.6293 0.6295 0.6297 0.63   0.6304
 0.6307 0.6311 0.6315 0.6319 0.6323 0.6327 0.633  0.6332 0.6335 0.6337
 0.634  0.6342 0.6345 0.6347 0.635  0.6353 0.6355 0.6358 0.636  0.6363
 0.6368 0.6372 0.6376 0.6381 0.6386 0.639  0.6395 0.6397 0.64   0.6403
 0.6406 0.6409 0.6412 0.6414 0.6417 0.642  0.6423 0.6426 0.6429 0.6432
 0.6435 0.644  0.6444 0.6449 0.6454 0.6459 0.6464 0.6469 0.6472 0.6476
 0.6479 0.6482 0.6485 0.6488 0.6491 0.6494 0.6497 0.65   0.6503 0.6506
 0.651  0.6513 0.6518 0.6523 0.6528 0.6534 0.6539 0.6544 0.655  0.6553
 0.6556 0.6559 0.6563 0.6566 0.6569 0.6572 0.6576 0.6579 0.6582 0.6586
 0.6589 0.6592 0.6595 0.6601 0.6606 0.6612 0.6617 0.6623 0.6629 0.6634
 0.6637 0.6641 0.6644 0.6647 0.6651 0.6654 0.6658 0.6661 0.6664 0.6668
 0.6671 0.6674 0.6678 0.6681 0.6687 0.6692 0.6698 0.6704 0.6709 0.6715
 0.6721 0.6724 0.6727 0.6731 0.6734 0.6738 0.6741 0.6744]
xdot_res:  [0.0461 0.0569 0.0676 0.0782 0.0887 0.099  0.1093 0.1194 0.1361 0.1524
 0.1684 0.1841 0.1995 0.2146 0.2294 0.2383 0.2471 0.2558 0.2644 0.2731
 0.2816 0.2901 0.2986 0.3069 0.3153 0.3236 0.3318 0.34   0.3481 0.3481
 0.3481 0.3481 0.3481 0.3481 0.3481 0.3481 0.3481 0.3481 0.3481 0.3481
 0.3481 0.3481 0.3481 0.3551 0.3621 0.369  0.3759 0.3827 0.3894 0.3961
 0.3961 0.3961 0.3961 0.3961 0.3961 0.3961 0.3961 0.3961 0.3961 0.3961
 0.3961 0.3961 0.3961 0.3961 0.4017 0.4073 0.4128 0.4182 0.4236 0.429
 0.4342 0.4342 0.4342 0.4342 0.4342 0.4342 0.4342 0.4342 0.4342 0.4342
 0.4342 0.4342 0.4342 0.4342 0.4342 0.4384 0.4426 0.4467 0.4507 0.4547
 0.4586 0.4624 0.4624 0.4624 0.4624 0.4624 0.4624 0.4624 0.4624 0.4624
 0.4624 0.4624 0.4624 0.4624 0.4624 0.4624 0.4652 0.4679 0.4706 0.4732
 0.4758 0.4783 0.4807 0.4807 0.4807 0.4807 0.4807 0.4807 0.4807 0.4807
 0.4807 0.4807 0.4807 0.4807 0.4807 0.4807 0.4807 0.4821 0.4834 0.4847
 0.4859 0.487  0.4881 0.4891 0.4891 0.4891 0.4891 0.4891 0.4891 0.4891
 0.4891 0.4891 0.4891 0.4891 0.4891 0.4891 0.4891 0.4891]
ydot_res:  [-8.8832e-02 -7.3533e-02 -5.9159e-02 -4.5710e-02 -3.3187e-02 -2.1589e-02
 -1.0916e-02 -1.1367e-03  1.2679e-02  2.4012e-02  3.2863e-02  3.9231e-02
  4.3116e-02  4.4518e-02  4.3438e-02  4.2794e-02  4.2154e-02  4.1517e-02
  4.0885e-02  4.0257e-02  3.9633e-02  3.9013e-02  3.8397e-02  3.7785e-02
  3.7177e-02  3.6574e-02  3.5974e-02  3.5378e-02  3.4786e-02  3.3811e-02
  3.2847e-02  3.1894e-02  3.0952e-02  3.0022e-02  2.9103e-02  2.8195e-02
  2.7654e-02  2.7117e-02  2.6584e-02  2.6055e-02  2.5531e-02  2.5010e-02
  2.4493e-02  2.3981e-02  2.3472e-02  2.2967e-02  2.2467e-02  2.1970e-02
  2.1478e-02  2.0989e-02  2.0186e-02  1.9395e-02  1.8614e-02  1.7845e-02
  1.7086e-02  1.6339e-02  1.5603e-02  1.5166e-02  1.4732e-02  1.4303e-02
  1.3878e-02  1.3456e-02  1.3039e-02  1.2625e-02  1.2216e-02  1.1811e-02
  1.1410e-02  1.1012e-02  1.0619e-02  1.0230e-02  9.8448e-03  9.2141e-03
  8.5945e-03  7.9861e-03  7.3889e-03  6.8029e-03  6.2281e-03  5.6644e-03
  5.3303e-03  5.0001e-03  4.6740e-03  4.3519e-03  4.0339e-03  3.7199e-03
  3.4099e-03  3.1039e-03  2.8019e-03  2.5040e-03  2.2101e-03  1.9202e-03
  1.6344e-03  1.3525e-03  8.9403e-04  4.4669e-04  1.0536e-05 -4.1443e-04
 -8.2822e-04 -1.2308e-03 -1.6222e-03 -1.8531e-03 -2.0799e-03 -2.3026e-03
 -2.5214e-03 -2.7361e-03 -2.9468e-03 -3.1535e-03 -3.3561e-03 -3.5548e-03
 -3.7493e-03 -3.9399e-03 -4.1264e-03 -4.3090e-03 -4.4875e-03 -4.7737e-03
 -5.0489e-03 -5.3128e-03 -5.5655e-03 -5.8071e-03 -6.0375e-03 -6.2567e-03
 -6.3842e-03 -6.5076e-03 -6.6271e-03 -6.7425e-03 -6.8539e-03 -6.9612e-03
 -7.0646e-03 -7.1639e-03 -7.2592e-03 -7.3504e-03 -7.4377e-03 -7.5209e-03
 -7.6000e-03 -7.6752e-03 -7.7893e-03 -7.8922e-03 -7.9839e-03 -8.0644e-03
 -8.1337e-03 -8.1919e-03 -8.2388e-03 -8.2630e-03 -8.2831e-03 -8.2992e-03
 -8.3113e-03 -8.3194e-03 -8.3234e-03 -8.3234e-03]
zdot_res:  [-0.0735 -0.0649 -0.0568 -0.0492 -0.0421 -0.0355 -0.0294 -0.0237 -0.0156
 -0.0088 -0.0034  0.0006  0.0034  0.0048  0.0049  0.0049  0.0049  0.005
  0.005   0.005   0.0051  0.0051  0.0051  0.0052  0.0052  0.0053  0.0053
  0.0053  0.0054  0.0054  0.0055  0.0055  0.0056  0.0056  0.0057  0.0058
  0.0058  0.0058  0.0058  0.0059  0.0059  0.0059  0.006   0.006   0.006
  0.0061  0.0061  0.0061  0.0062  0.0062  0.0062  0.0063  0.0063  0.0064
  0.0064  0.0065  0.0065  0.0065  0.0066  0.0066  0.0066  0.0066  0.0067
  0.0067  0.0067  0.0067  0.0067  0.0068  0.0068  0.0068  0.0068  0.0069
  0.0069  0.007   0.007   0.007   0.0071  0.0071  0.0071  0.0071  0.0071
  0.0072  0.0072  0.0072  0.0072  0.0072  0.0073  0.0073  0.0073  0.0073
  0.0073  0.0073  0.0074  0.0074  0.0074  0.0074  0.0075  0.0075  0.0075
  0.0075  0.0075  0.0076  0.0076  0.0076  0.0076  0.0076  0.0076  0.0076
  0.0076  0.0077  0.0077  0.0077  0.0077  0.0077  0.0077  0.0077  0.0078
  0.0078  0.0078  0.0078  0.0078  0.0078  0.0078  0.0078  0.0078  0.0078
  0.0078  0.0078  0.0079  0.0079  0.0079  0.0079  0.0079  0.0079  0.0079
  0.0079  0.0079  0.0079  0.0079  0.0079  0.0079  0.0079  0.0079  0.0079
  0.0079  0.0079  0.0079  0.0079]
px_res:  [2.5182 2.8344 3.1575 3.4736 3.7967 4.1131 4.3619]
py_res:  [-0.0339  0.1673 -0.0373  0.1688 -0.0359  0.199  -0.1241]
pz_res:  [0. 0. 0. 0. 0. 0. 0.]
Ts_res:  [0.3 0.8 1.1 1.4 1.9 2.2 2.5 3.  3.3 3.6 4.1 4.4 4.7 5.2 5.5 5.8 6.3 6.6
 6.9 7.4 7.7]
The  5 Round:
[[10.  -0.5 -0.5 10. ]
 [ 0.5  0.5 -0.5 -0.5]
 [ 0.   0.   0.   0. ]]
[[10.  -0.5 -0.5 10. ]
 [ 0.5  0.5 -0.5 -0.5]
 [ 0.   0.   0.   0. ]]
[[10.  -0.5 -0.5 10. ]
 [ 0.5  0.5 -0.5 -0.5]
 [ 0.   0.   0.   0. ]]
[[10.  -0.5 -0.5 10. ]
 [ 0.5  0.5 -0.5 -0.5]
 [ 0.   0.   0.   0. ]]
[[10.  -0.5 -0.5 10. ]
 [ 0.5  0.5 -0.5 -0.5]
 [ 0.   0.   0.   0. ]]
[[10.  -0.5 -0.5 10. ]
 [ 0.5  0.5 -0.5 -0.5]
 [ 0.   0.   0.   0. ]]
[[10.  -0.5 -0.5 10. ]
 [ 0.5  0.5 -0.5 -0.5]
 [ 0.   0.   0.   0. ]]
[[10.  -0.5 -0.5 10. ]
 [ 0.5  0.5 -0.5 -0.5]
 [ 0.   0.   0.   0. ]]

=======================================
           Academic License
       (NOT FOR COMMERCIAL USE)
         Artelys Knitro 10.3.0
=======================================

Knitro presolve eliminated 387 variables and 20293 constraints.

Knitro changing algorithm from AUTO to 1.
Knitro changing bar_initpt from AUTO to 3.
Knitro changing bar_murule from AUTO to 4.
Knitro changing bar_penaltycons from AUTO to 1.
Knitro changing bar_penaltyrule from AUTO to 2.
Knitro changing bar_switchrule from AUTO to 2.
Knitro changing linesearch from AUTO to 1.
Knitro changing linsolver from AUTO to 5.
Knitro shifted start point to satisfy presolved bounds (17 variables).
Knitro fixing 387 variables eliminated from the presolve.

Problem Characteristics                    ( Presolved)
-----------------------
Objective goal:  Minimize
Number of variables:                        2619 (      2232)
    bounded below only:                        0 (         0)
    bounded above only:                        0 (         0)
    bounded below and above:                2619 (      2232)
    fixed:                                     0 (         0)
    free:                                      0 (         0)
Number of constraints:                     39996 (     19705)
    linear equalities:                      1418 (       911)
    nonlinear equalities:                    294 (       294)
    linear one-sided inequalities:         38281 (     18500)
    nonlinear one-sided inequalities:          0 (         0)
    linear two-sided inequalities:             3 (         0)
    nonlinear two-sided inequalities:          0 (         0)
Number of nonzeros in Jacobian:           214180 (     93424)
Number of nonzeros in Hessian:              6267 (      4732)

  Iter      Objective      FeasError   OptError    ||Step||    CGits 
--------  --------------  ----------  ----------  ----------  -------
       0    3.110549e+02   4.944e+01
      10    6.166531e+02   1.371e+01   8.746e+02   1.820e+02        0
      20    6.924661e+02   3.743e+00   7.536e+02   2.947e+02        0
      30    6.823028e+02   2.839e-01   1.481e+03   4.296e+01        0
      40    3.981447e+02   2.696e-03   2.438e+01   2.119e+02        0
      50    3.918772e+02   2.704e-03   7.702e+00   5.041e+01        0
      60    3.917948e+02   2.706e-03   2.635e+02   6.564e+00        0
      70    3.915332e+02   1.299e-02   7.274e+03   2.834e+01        0
      80    3.978208e+02   2.808e-03   9.850e+03   5.371e+01        0
      90    3.987607e+02   2.722e-03   3.332e+02   3.604e+00        0
     100    3.987904e+02   2.706e-03   1.106e+01   9.196e+00        0
     110    3.983763e+02   2.724e-03   7.789e+02   3.519e+01       21
     120    3.939790e+02   2.705e-03   2.310e+01   1.776e+00        0
     130    3.932566e+02   2.713e-03   2.164e+02   1.029e-01        0
     140    3.918790e+02   3.146e-03   5.066e+04   5.721e-01        0
     150    4.368550e+02   2.108e-02   3.671e+02   2.959e+01        0
     160    8.098132e+02   4.680e-02   1.413e+02   2.087e+02        0
     170    8.428547e+02   9.259e-02   1.405e+02   2.422e+02        0
     180    1.059627e+03   1.527e-01   1.569e+02   3.272e+02        0
     190    1.085945e+03   2.966e-02   1.424e+02   2.920e+02        0
     200    1.054833e+03   2.468e-02   1.423e+02   1.223e+02        0
     210    9.002189e+02   2.438e-02   1.422e+02   3.511e-02        0
     220    9.002504e+02   2.438e-02   1.423e+02   3.072e-01        0
     222    9.002485e+02   2.438e-02   1.423e+02   1.127e-01        0

EXIT: Convergence to an infeasible point. Problem appears to be locally
      infeasible. If problem is believed to be feasible, try multistart 
      to search for feasible points, or decrease infeastol.

Final Statistics
----------------
Final objective value               =   9.00248508630684e+02
Final feasibility error (abs / rel) =   2.44e-02 / 4.93e-04
Final optimality error  (abs / rel) =   1.42e+02 / 1.00e+00
# of iterations                     =        222 
# of CG iterations                  =        419 
# of function evaluations           =        377
# of gradient evaluations           =        224
# of Hessian evaluations            =        223
Total program time (secs)           =      11.78702 (    11.787 CPU time)
Time spent in evaluations (secs)    =       0.79569

===============================================================================

      solver  :   t_proc      (avg)   t_wall      (avg)    n_eval
      nlp_fg  | 439.24ms (  1.16ms) 438.83ms (  1.16ms)       378
   nlp_gf_jg  | 318.61ms (  1.42ms) 318.47ms (  1.42ms)       224
    nlp_grad  |   2.29ms (  2.29ms)   2.29ms (  2.29ms)         1
  nlp_hess_l  |  29.88ms (133.97us)  29.60ms (132.73us)       223
       total  |  11.99 s ( 11.99 s)  11.99 s ( 11.99 s)         1
Fail at Round  5
Total Program Time:  11.9853
Accumulated Acc Cost is:  5.1157
Accumulated Momentum Cost is:  2.9319
Accumulated Momentum Rate Cost is:  49.3246
Total Cost is:  694.692
Terminal Cost is:  694.692
Terminal X position is:  1.7316
Terminal Y position is:  -0.0253
Terminal Z position is:  0.645
