==================================================================
A new Round
 
Initial Seed Type:  previous
Chosen Solver:  Ponton
Number of LookAhead:  3
Flat Terrain, use the default set up of terrain tangent and norm
tilt arond X axis
tilt arond X axis
tilt arond X axis
tilt arond X axis
tilt arond X axis
tilt arond X axis
tilt arond X axis
tilt arond X axis
tilt arond X axis
tilt arond X axis
Flat Terrain, use the default set up of terrain tangent and norm
Tangent X:  [[array([1, 0, 0]), array([1, 0, 0]), array([1, 0, 0])], [array([1, 0, 0]), array([1, 0, 0]), array([1, 0, 0])], [array([1, 0, 0]), array([1, 0, 0]), array([1, 0, 0])], [array([1, 0, 0]), array([1, 0, 0]), array([1, 0, 0])], [array([1, 0, 0]), array([1, 0, 0]), array([1, 0, 0])], [array([1, 0, 0]), array([1, 0, 0]), array([1, 0, 0])], [array([1, 0, 0]), array([1, 0, 0]), array([1, 0, 0])], [array([1, 0, 0]), array([1, 0, 0]), array([1, 0, 0])], [array([1, 0, 0]), array([1, 0, 0]), array([1, 0, 0])], [array([1, 0, 0]), array([1, 0, 0]), array([1, 0, 0])], [array([1, 0, 0]), array([1, 0, 0]), array([1, 0, 0])], [array([1, 0, 0]), array([1, 0, 0]), array([1, 0, 0])], [array([1, 0, 0]), array([1, 0, 0]), array([1, 0, 0])], [array([1, 0, 0]), array([1, 0, 0]), array([1, 0, 0])]]
Tangent Y:  [[array([0, 1, 0]), array([ 0.    ,  0.9604, -0.2785]), array([0.    , 0.9604, 0.2785])], [array([ 0.    ,  0.9604, -0.2785]), array([0.    , 0.9604, 0.2785]), array([0.    , 0.9604, 0.2785])], [array([0.    , 0.9604, 0.2785]), array([0.    , 0.9604, 0.2785]), array([ 0.    ,  0.9604, -0.2785])], [array([0.    , 0.9604, 0.2785]), array([ 0.    ,  0.9604, -0.2785]), array([ 0.    ,  0.9604, -0.2785])], [array([ 0.    ,  0.9604, -0.2785]), array([ 0.    ,  0.9604, -0.2785]), array([0.    , 0.9604, 0.2785])], [array([ 0.    ,  0.9604, -0.2785]), array([0.    , 0.9604, 0.2785]), array([0.    , 0.9604, 0.2785])], [array([0.    , 0.9604, 0.2785]), array([0.    , 0.9604, 0.2785]), array([ 0.    ,  0.9604, -0.2785])], [array([0.    , 0.9604, 0.2785]), array([ 0.    ,  0.9604, -0.2785]), array([ 0.    ,  0.9604, -0.2785])], [array([ 0.    ,  0.9604, -0.2785]), array([ 0.    ,  0.9604, -0.2785]), array([0.    , 0.9604, 0.2785])], [array([ 0.    ,  0.9604, -0.2785]), array([0.    , 0.9604, 0.2785]), array([0, 1, 0])], [array([0.    , 0.9604, 0.2785]), array([0, 1, 0]), array([0, 1, 0])], [array([0, 1, 0]), array([0, 1, 0]), array([0, 1, 0])], [array([0, 1, 0]), array([0, 1, 0]), array([0, 1, 0])], [array([0, 1, 0]), array([0, 1, 0]), array([0, 1, 0])]]
Norm:  [[array([0, 0, 1]), array([0.    , 0.2785, 0.9604]), array([ 0.    , -0.2785,  0.9604])], [array([0.    , 0.2785, 0.9604]), array([ 0.    , -0.2785,  0.9604]), array([ 0.    , -0.2785,  0.9604])], [array([ 0.    , -0.2785,  0.9604]), array([ 0.    , -0.2785,  0.9604]), array([0.    , 0.2785, 0.9604])], [array([ 0.    , -0.2785,  0.9604]), array([0.    , 0.2785, 0.9604]), array([0.    , 0.2785, 0.9604])], [array([0.    , 0.2785, 0.9604]), array([0.    , 0.2785, 0.9604]), array([ 0.    , -0.2785,  0.9604])], [array([0.    , 0.2785, 0.9604]), array([ 0.    , -0.2785,  0.9604]), array([ 0.    , -0.2785,  0.9604])], [array([ 0.    , -0.2785,  0.9604]), array([ 0.    , -0.2785,  0.9604]), array([0.    , 0.2785, 0.9604])], [array([ 0.    , -0.2785,  0.9604]), array([0.    , 0.2785, 0.9604]), array([0.    , 0.2785, 0.9604])], [array([0.    , 0.2785, 0.9604]), array([0.    , 0.2785, 0.9604]), array([ 0.    , -0.2785,  0.9604])], [array([0.    , 0.2785, 0.9604]), array([ 0.    , -0.2785,  0.9604]), array([0, 0, 1])], [array([ 0.    , -0.2785,  0.9604]), array([0, 0, 1]), array([0, 0, 1])], [array([0, 0, 1]), array([0, 0, 1]), array([0, 0, 1])], [array([0, 0, 1]), array([0, 0, 1]), array([0, 0, 1])], [array([0, 0, 1]), array([0, 0, 1]), array([0, 0, 1])]]
[[ 1.   0.5  0. ]
 [-1.   0.5  0. ]
 [-1.  -0.5  0. ]
 [ 1.  -0.5  0. ]]
[[ 1.6     0.     -0.0725]
 [ 1.      0.     -0.0725]
 [ 1.     -0.5     0.0725]
 [ 1.6    -0.5     0.0725]]
[[ 1.6     0.5     0.0725]
 [ 1.      0.5     0.0725]
 [ 1.      0.     -0.0725]
 [ 1.6     0.     -0.0725]]
[[ 2.2     0.      0.0725]
 [ 1.6     0.      0.0725]
 [ 1.6    -0.5    -0.0725]
 [ 2.2    -0.5    -0.0725]]
[[ 2.2     0.5    -0.0725]
 [ 1.6     0.5    -0.0725]
 [ 1.6     0.      0.0725]
 [ 2.2     0.      0.0725]]
[[ 2.8     0.     -0.0725]
 [ 2.2     0.     -0.0725]
 [ 2.2    -0.5     0.0725]
 [ 2.8    -0.5     0.0725]]
[[ 2.8     0.5     0.0725]
 [ 2.2     0.5     0.0725]
 [ 2.2     0.     -0.0725]
 [ 2.8     0.     -0.0725]]
[[ 3.4     0.      0.0725]
 [ 2.8     0.      0.0725]
 [ 2.8    -0.5    -0.0725]
 [ 3.4    -0.5    -0.0725]]
[[ 3.4     0.5    -0.0725]
 [ 2.8     0.5    -0.0725]
 [ 2.8     0.      0.0725]
 [ 3.4     0.      0.0725]]
[[ 4.      0.     -0.0725]
 [ 3.4     0.     -0.0725]
 [ 3.4    -0.5     0.0725]
 [ 4.     -0.5     0.0725]]
[[ 4.      0.5     0.0725]
 [ 3.4     0.5     0.0725]
 [ 3.4     0.     -0.0725]
 [ 4.      0.     -0.0725]]
[[50.   0.5  0. ]
 [ 4.   0.5  0. ]
 [ 4.  -0.5  0. ]
 [50.  -0.5  0. ]]
ConservativeEnd:  False
Tracking_Cost:  False
TerminalCost:  False
The  0 Round:
1.2999731795914826 0.9999754974558795 0.29999923239625875
[[ 1.  -1.  -1.   1. ]
 [ 0.5  0.5 -0.5 -0.5]
 [ 0.   0.   0.   0. ]]
[[ 1.6     1.      1.      1.6   ]
 [ 0.      0.     -0.5    -0.5   ]
 [-0.0725 -0.0725  0.0725  0.0725]]
[[ 1.6     1.      1.      1.6   ]
 [ 0.5     0.5     0.      0.    ]
 [ 0.0725  0.0725 -0.0725 -0.0725]]
Px_seq:  [1.11   1.4197]
Py_seq:  [-0.0683  0.1178]
Pz_seq:  [-0.0363 -0.0264]
SwitchingTimeVec:  [0.3    0.5001 0.3    0.3    0.5    0.3   ]
SwitchingTimeDuration:  [0.3    0.5001 0.3    0.3    0.5    0.3   ]

=======================================
           Academic License
       (NOT FOR COMMERCIAL USE)
         Artelys Knitro 10.3.0
=======================================

Knitro presolve eliminated 599 variables and 10045 constraints.

bar_directinterval:      0
Knitro changing algorithm from AUTO to 1.
Knitro changing bar_initpt from AUTO to 3.
Knitro changing bar_murule from AUTO to 4.
Knitro changing bar_penaltycons from AUTO to 1.
Knitro changing bar_penaltyrule from AUTO to 2.
Knitro changing bar_switchrule from AUTO to 2.
Knitro changing linesearch from AUTO to 1.
Knitro changing linsolver from AUTO to 5.
Knitro shifted start point to satisfy presolved bounds (790 variables).
Knitro fixing 599 variables eliminated from the presolve.

Problem Characteristics                    ( Presolved)
-----------------------
Objective goal:  Minimize
Number of variables:                        4167 (      3568)
    bounded below only:                        0 (         0)
    bounded above only:                        0 (         0)
    bounded below and above:                4167 (      3568)
    fixed:                                     0 (         0)
    free:                                      0 (         0)
Number of constraints:                     22673 (     12698)
    linear equalities:                      1461 (       271)
    nonlinear equalities:                    294 (       294)
    linear one-sided inequalities:         17348 (      8773)
    nonlinear one-sided inequalities:       3360 (      3360)
    linear two-sided inequalities:           210 (         0)
    nonlinear two-sided inequalities:          0 (         0)
Number of nonzeros in Jacobian:           109281 (     65696)
Number of nonzeros in Hessian:             16748 (     13225)

  Iter      Objective      FeasError   OptError    ||Step||    CGits 
--------  --------------  ----------  ----------  ----------  -------
       0    7.524576e+02   3.854e+04
      10    8.369055e+02   3.513e+04   1.878e+02   1.881e+02        0
      20    9.042042e+02   3.336e+04   2.168e+02   1.073e+02        0
      30    9.556250e+02   3.251e+04   3.170e+02   1.508e+02        0
      40    9.711541e+02   3.223e+04   8.480e+02   7.136e+01        0
      50    9.835750e+02   3.205e+04   1.994e+03   4.561e+01        0
      60    9.932566e+02   3.183e+04   9.762e+02   9.044e+01        0
      70    1.003695e+03   3.162e+04   7.312e+03   5.785e+01        0
      80    1.009230e+03   3.152e+04   6.168e+03   4.117e+00        0
      90    1.029188e+03   3.124e+04   5.753e+03   6.359e+01        0
     100    1.044066e+03   3.101e+04   3.776e+03   3.654e+00        0
     110    1.062330e+03   3.091e+04   1.709e+05   4.486e+01        0
     120    1.110997e+03   3.069e+04   2.260e+05   1.001e+02        0
     130    1.153461e+03   3.049e+04   2.574e+05   5.931e+01        0
     140    1.204379e+03   3.024e+04   2.660e+05   3.692e+01        0
     150    1.232537e+03   3.010e+04   2.909e+05   2.637e+01        0
     160    1.263639e+03   2.991e+04   3.105e+05   1.255e+02        0
     170    1.305485e+03   2.967e+04   4.674e+05   1.594e+01        0
     180    1.333412e+03   2.950e+04   4.492e+05   3.082e+01        0
     190    1.403319e+03   2.899e+04   6.320e+05   7.996e+01        0
     200    1.454651e+03   2.865e+04   1.077e+06   2.493e+01        0
     210    1.554780e+03   2.802e+04   2.055e+06   1.931e+02        0
     220    1.616166e+03   2.755e+04   3.050e+06   4.558e+01        0
     230    1.699796e+03   2.680e+04   8.131e+06   1.226e+02        0
     240    1.769701e+03   2.545e+04   2.824e+07   1.292e+01        0
     250    1.862370e+03   2.422e+04   4.631e+07   5.744e+00        0
     260    1.866946e+03   2.287e+04   6.542e+07   8.549e+00        0
     270    1.878208e+03   2.137e+04   8.584e+07   6.703e+00        0
     280    1.915342e+03   1.970e+04   1.075e+08   2.849e+01        0
     290    1.985602e+03   1.658e+04   1.418e+08   9.307e+00        0
     300    2.071115e+03   8.828e+03   2.116e+08   1.617e+01        0
     310    2.206645e+03   3.166e+02   2.580e+08   7.337e+01        0
     320    2.608906e+03   2.375e+02   3.693e+08   1.167e+02        0
     330    3.288588e+03   2.290e+02   4.581e+08   4.702e+01        0
     340    3.694527e+03   1.293e+02   5.019e+08   3.022e+01        0
     350    3.199788e+03   1.891e+02   7.319e+08   6.529e+01        0
     360    3.682565e+03   1.248e+02   6.189e+08   3.540e+02        0
     370    5.949927e+03   2.604e+02   6.198e+08   1.531e+02        0
     380    4.567569e+03   5.332e+01   5.108e+08   1.658e+01        0
     390    3.878902e+03   4.287e+01   5.148e+08   6.264e+00        0
     400    3.987367e+03   3.930e+01   5.149e+08   1.415e-02        0
     410    3.963163e+03   3.512e+01   5.151e+08   4.385e-01        0
     420    3.954271e+03   2.285e+01   5.153e+08   4.476e+00        0
     430    3.980942e+03   3.155e+01   1.940e+06   9.281e-01        0
     440    3.956260e+03   4.922e+01   4.287e+03   2.262e+01        0
     450    3.927150e+03   4.651e+01   4.292e+03   1.213e+02        0
     460    3.892857e+03   4.268e+01   4.286e+03   3.494e+02        0
     470    3.844458e+03   3.794e+01   4.286e+03   7.839e+01        0
     480    3.818911e+03   3.487e+01   4.284e+03   1.952e+02        0
     490    3.747666e+03   2.470e+01   4.261e+03   7.041e+01        0
     500    3.715297e+03   1.981e+01   4.239e+03   1.968e+02        0
     510    3.640811e+03   8.514e+00   2.738e+03   2.677e+02        0
     520    3.482859e+03   8.596e-01   4.022e+02   1.493e+02        0
     530    3.398221e+03   8.115e-01   1.813e+02   3.389e+01        0
     540    3.369385e+03   6.829e-04   2.166e-01   1.311e+02        0
     550    3.368665e+03   2.628e-07   1.826e-07   5.410e-01        0

EXIT: Locally optimal solution found.

Final Statistics
----------------
Final objective value               =   3.36866467487739e+03
Final feasibility error (abs / rel) =   2.63e-07 / 6.82e-12
Final optimality error  (abs / rel) =   1.83e-07 / 5.00e-10
# of iterations                     =        550 
# of CG iterations                  =         71 
# of function evaluations           =        584
# of gradient evaluations           =        552
# of Hessian evaluations            =        550
Total program time (secs)           =      13.44080 (    13.439 CPU time)
Time spent in evaluations (secs)    =       1.20945

===============================================================================

      solver  :   t_proc      (avg)   t_wall      (avg)    n_eval
      nlp_fg  | 449.42ms (768.24us) 448.20ms (766.15us)       585
   nlp_gf_jg  | 520.11ms (942.24us) 519.39ms (940.93us)       552
    nlp_grad  |   1.96ms (  1.96ms)   1.96ms (  1.96ms)         1
  nlp_hess_l  | 225.38ms (409.79us) 224.98ms (409.06us)       550
       total  |  13.68 s ( 13.68 s)  13.70 s ( 13.70 s)         1
Round  0 True
Acceleration:  0.26288784618763905
Momentum:  0.0033434340045327138
Momentum Rate:  1.7899890823460294
Total Program Time:  13.6844
First Level NLP Results:
x_res:  [0.6    0.6    0.6004 0.6011 0.6022 0.6036 0.6055 0.6077 0.6145 0.6241
 0.6364 0.6515 0.6697 0.6913 0.717  0.7284 0.74   0.7515 0.763  0.7744
 0.7855 0.7965]
y_res:  [ 0.0000e+00  5.7948e-12 -1.1468e-03 -3.2968e-03 -6.3063e-03 -1.0032e-02
 -1.4329e-02 -1.9056e-02 -3.2419e-02 -3.9774e-02 -4.3050e-02 -4.3383e-02
 -4.0942e-02 -3.4436e-02 -2.1948e-02 -1.4147e-02 -6.2834e-03  1.5639e-03
  9.3170e-03  1.6898e-02  2.4228e-02  3.1229e-02]
z_res:  [0.75   0.75   0.7498 0.7494 0.7489 0.7481 0.7472 0.7462 0.7432 0.7382
 0.7323 0.726  0.7199 0.7141 0.7087 0.7067 0.705  0.7034 0.7021 0.7011
 0.7004 0.7   ]
xdot_res:  [0.     0.0084 0.0169 0.0254 0.034  0.0426 0.0513 0.06   0.0837 0.1078
 0.1322 0.1593 0.1891 0.2245 0.2676 0.2692 0.2693 0.268  0.2651 0.2607
 0.2549 0.2476]
ydot_res:  [ 0.     -0.0268 -0.0502 -0.0702 -0.0869 -0.1003 -0.1103 -0.1169 -0.0644
 -0.0287 -0.0029  0.0214  0.0569  0.1093  0.182   0.1835  0.1831  0.1809
  0.1769  0.171   0.1634  0.1539]
zdot_res:  [ 0.     -0.0046 -0.009  -0.0131 -0.0169 -0.0205 -0.0238 -0.0269 -0.0433
 -0.0518 -0.0547 -0.0535 -0.0506 -0.0473 -0.0463 -0.0415 -0.0361 -0.0301
 -0.0236 -0.0165 -0.0089 -0.0007]
Lx_res:  [ 0.0000e+00 -1.3170e-07 -8.7529e-08 -1.4988e-07 -1.2640e-07 -1.5136e-07
  1.1268e-06  6.0406e-02 -2.8130e-02 -1.8353e-02 -8.3183e-03  8.1410e-03
  2.0564e-02  3.7948e-02 -1.7134e-01 -2.1350e-02 -2.1430e-07  1.5191e-07
  1.4920e-07  1.5615e-07 -6.1470e-07 -4.0061e-02]
Ly_res:  [ 0.0000e+00  5.6608e-09  5.0933e-10 -5.1030e-09 -1.2354e-08 -2.0520e-08
 -3.1780e-08  3.9130e-07 -4.0499e-07 -3.7952e-07 -3.0571e-03 -4.4408e-03
 -1.1217e-02 -2.0699e-02  1.0510e-01  3.8322e-06 -5.1527e-08 -2.2251e-08
 -2.4982e-08 -2.8520e-08 -6.3973e-09  2.0851e-03]
Lz_res:  [ 0.0000e+00  1.5762e-09  1.6887e-09  4.9251e-10 -5.9891e-10 -2.0332e-09
 -1.0489e-09  1.7639e-09  9.9726e-10  4.2988e-10  9.7134e-11 -4.9783e-10
 -2.0611e-09 -4.7035e-09  1.6599e-08 -1.3616e-09 -2.2813e-10  5.6193e-10
  1.2668e-09  1.9112e-09 -1.6300e-09 -8.2795e-02]
Ldotx_res:  [-3.0730e-06  1.0307e-06 -1.4548e-06  5.4780e-07 -5.8253e-07  2.9825e-05
  1.4094e+00 -7.7469e-01  8.5549e-02  8.7800e-02  1.4402e-01  1.0871e-01
  1.5210e-01 -1.8313e+00  3.4998e+00  4.9816e-01  8.5450e-06 -6.3222e-08
  1.6205e-07 -1.7986e-05 -9.3475e-01  1.4792e-10]
Ldoty_res:  [ 1.3209e-07 -1.2020e-07 -1.3095e-07 -1.6918e-07 -1.9055e-07 -2.6273e-07
  9.8719e-06 -6.9675e-06  2.2280e-07 -2.6746e-02 -1.2107e-02 -5.9292e-02
 -8.2966e-02  1.1007e+00 -2.4523e+00 -9.0621e-05  6.8310e-07 -6.3722e-08
 -8.2552e-08  5.1620e-07  4.8652e-02  1.8307e-10]
Ldotz_res:  [ 3.6762e-08  2.6254e-09 -2.7911e-08 -2.5467e-08 -3.3468e-08  2.2967e-08
  6.5632e-08 -6.7079e-09 -4.9646e-09 -2.9116e-09 -5.2059e-09 -1.3678e-08
 -2.3121e-08  1.8640e-07 -4.1909e-07  2.6449e-08  1.8435e-08  1.6446e-08
  1.5036e-08 -8.2628e-08 -1.9319e+00  1.7392e-10]
px_res:  [0.89]
py_res:  [0.0859]
pz_res:  [0.]
Ts_res:  [0.3 1.1 1.4]
FR1x_res:  [ 8.6088e-01  1.0001e+00  1.1677e+00  1.3616e+00  1.5681e+00  1.7777e+00
  1.9697e+00  9.5358e+00  9.7074e+00  9.7480e+00  1.0676e+01  1.2356e+01
  1.5515e+01  2.0566e+01  4.4165e-01  2.6204e-02 -3.7137e-01 -6.9358e-01
 -8.9184e-01 -9.6612e-01 -1.3733e+00 -3.8970e-04]
FR1y_res:  [-3.0569e+00 -2.9601e+00 -2.8539e+00 -2.7074e+00 -2.4760e+00 -2.1245e+00
 -1.5847e+00  2.1083e+01  1.5454e+01  1.1801e+01  1.1163e+01  1.5641e+01
  2.1738e+01  2.8648e+01  4.0565e-01 -1.0432e-01 -5.8444e-01 -9.7188e-01
 -1.2264e+00 -1.3460e+00 -9.2067e-01  8.9104e-06]
FR1z_res:  [ 78.3575  81.7999  85.8618  90.4533  95.4112 100.5398 105.1464 399.9999
 399.9998 399.9996 399.999  399.9996 399.9998 399.9999 119.2963 118.7934
 116.1363 111.4158 105.2268  97.996   90.8589 333.3332]
Second Level Results:
x_res:  [0.7965 0.8071 0.8173 0.8272 0.8365 0.8453 0.8535 0.861  0.879  0.8921
 0.9035 0.9152 0.9287 0.9458 0.9687 0.9807 0.9936 1.0076 1.0224 1.0379
 1.0538 1.0699 1.086  1.1019 1.1173 1.1321 1.1461 1.159  1.1706 1.2037
 1.2296 1.2536 1.2795 1.3106 1.3503 1.4027 1.4295 1.4622 1.5018 1.5499
 1.6058 1.6686 1.7329]
y_res:  [ 0.0312  0.0378  0.044   0.0495  0.0545  0.0588  0.0623  0.0649  0.0694
  0.0679  0.0619  0.0515  0.0361  0.0143 -0.0162 -0.0309 -0.0462 -0.0617
 -0.0774 -0.093  -0.1083 -0.123  -0.1371 -0.1501 -0.1621 -0.1726 -0.1815
 -0.1886 -0.1936 -0.2086 -0.2111 -0.2063 -0.1949 -0.1774 -0.1505 -0.1114
 -0.09   -0.0689 -0.0472 -0.0253 -0.0029  0.0198  0.0425]
z_res:  [0.7    0.7    0.7    0.7    0.7    0.7    0.7    0.7015 0.7333 0.761
 0.7808 0.7892 0.7835 0.7622 0.7258 0.7074 0.7005 0.7    0.7    0.7
 0.7    0.7    0.7    0.7    0.7    0.7    0.7    0.7    0.7022 0.7428
 0.7784 0.8048 0.8174 0.8118 0.7854 0.7379 0.7128 0.7    0.7    0.7081
 0.7213 0.7365 0.7513]
xdot_res:  [0.2476 0.2393 0.2295 0.2182 0.2053 0.1908 0.1747 0.1577 0.1146 0.0995
 0.1022 0.1187 0.1498 0.2002 0.2787 0.3021 0.3265 0.3462 0.3609 0.3707
 0.3755 0.3755 0.3706 0.3607 0.3458 0.3259 0.301  0.271  0.2894 0.2265
 0.21   0.2266 0.2722 0.347  0.4591 0.6236 0.7645 0.9239 1.1228 1.3041
 1.4642 1.5    1.5   ]
ydot_res:  [ 0.1539  0.143   0.1304  0.1159  0.0996  0.0813  0.0611  0.0393 -0.0126
 -0.0526 -0.091  -0.1347 -0.1905 -0.2674 -0.3434 -0.3555 -0.3631 -0.3658
 -0.3637 -0.3565 -0.3444 -0.3273 -0.3052 -0.278  -0.2456 -0.2081 -0.1653
 -0.1173 -0.1314 -0.0221  0.0424  0.0995  0.1532  0.2353  0.3426  0.4973
  0.4935  0.5056  0.5128  0.5216  0.5294  0.5291  0.5296]
zdot_res:  [-6.7847e-04 -1.4065e-04  6.5714e-07  4.8732e-06 -6.7838e-06  2.3576e-08
  3.3898e-02  2.7866e-01  2.4209e-01  1.7347e-01  7.3718e-02 -5.0228e-02
 -1.8611e-01 -3.1824e-01 -4.3031e-01 -1.5977e-01 -1.2745e-02  9.3517e-09
  5.0216e-06 -3.8046e-06 -3.1666e-07  3.3799e-07 -3.6504e-07  3.3121e-07
  4.0142e-06 -5.2552e-06  2.0092e-08  5.1290e-02  3.5520e-01  3.1123e-01
  2.3154e-01  1.1013e-01 -4.9024e-02 -2.3119e-01 -4.1559e-01 -5.8534e-01
 -2.9871e-01 -5.7287e-09  1.8843e-01  3.0781e-01  3.5544e-01  3.4568e-01
  3.1210e-01]
px_res:  [1.2161 1.2978]
py_res:  [-0.25   0.102]
pz_res:  [ 7.8620e-11 -4.2927e-02]
Ts_res:  [0.2181 0.8363 1.0489 1.257  1.8614 2.0634]
Ponton Terms:  [ 3.1662e-01  3.1384e-01  3.1136e-01  3.0912e-01  3.0709e-01  3.2082e-01
  4.5519e-01  5.2614e-01  5.3443e-01  5.4067e-01  5.4636e-01  5.5000e-01
  5.5000e-01  5.5000e-01  5.4990e-01  4.3736e-01  3.6275e-01  3.6483e-01
  3.7415e-01  3.8362e-01  3.9315e-01  4.0265e-01  4.1201e-01  4.2110e-01
  4.2979e-01  4.3797e-01  4.7832e-01  5.5000e-01  0.0000e+00  0.0000e+00
  0.0000e+00  0.0000e+00  0.0000e+00  0.0000e+00  0.0000e+00  5.5000e-01
  5.5000e-01  4.1032e-01  3.1554e-01  2.8738e-01  3.7905e-01  4.1014e-01
 -3.3480e-09  3.0615e-01  3.1046e-01  3.1479e-01  3.1903e-01  3.2312e-01
  3.4105e-01  4.6734e-01  5.5000e-01  5.5000e-01  5.5000e-01  5.5000e-01
  5.5000e-01  5.5000e-01  5.5000e-01  4.9948e-01  3.7588e-01  3.0639e-01
  2.9364e-01  2.8590e-01  2.7846e-01  2.7134e-01  2.6457e-01  2.5816e-01
  2.5211e-01  2.4641e-01  2.4105e-01  2.4595e-01  4.0443e-01  0.0000e+00
  0.0000e+00  0.0000e+00  0.0000e+00  0.0000e+00  0.0000e+00  0.0000e+00
  5.5000e-01  5.5000e-01  5.5000e-01  5.5000e-01  5.5000e-01  3.4275e-01
  3.7114e-01 -2.2454e-17  3.0514e-01  3.0940e-01  3.1379e-01  3.1824e-01
  3.2268e-01  3.4055e-01  4.7406e-01  5.5000e-01  5.5000e-01  5.5000e-01
  5.5000e-01  5.4669e-01  5.3664e-01  5.2191e-01  4.6173e-01  3.5092e-01
  2.9077e-01  2.9146e-01  2.9795e-01  3.0481e-01  3.1200e-01  3.1951e-01
  3.2729e-01  3.3530e-01  3.4348e-01  3.5177e-01  3.8727e-01  5.5000e-01
  0.0000e+00  0.0000e+00  0.0000e+00  0.0000e+00  0.0000e+00  0.0000e+00
  0.0000e+00  4.3303e-01  4.4675e-01  3.3114e-01  3.0935e-01  3.2830e-01
  4.4412e-01  5.5000e-01  5.2560e-16  3.4705e-01  3.4196e-01  3.3719e-01
  3.3267e-01  3.2837e-01  3.4093e-01  4.7375e-01  5.5000e-01  5.5000e-01
  5.5000e-01  5.5000e-01  5.5000e-01  5.5000e-01  5.5000e-01  5.5000e-01
  4.2702e-01  3.4067e-01  3.2450e-01  3.1444e-01  3.0451e-01  2.9479e-01
  2.8537e-01  2.7631e-01  2.6768e-01  2.5950e-01  2.5182e-01  2.5989e-01
  2.9554e-01  0.0000e+00  0.0000e+00  0.0000e+00  0.0000e+00  0.0000e+00
  0.0000e+00  0.0000e+00  5.5000e-01  5.5000e-01  5.3969e-01  4.5603e-01
  4.2719e-01  2.8409e-01  2.7101e-01 -7.0188e-10  2.8088e-02  2.5700e-02
  2.3592e-02  2.1765e-02  2.0221e-02  1.9619e-02  2.5949e-02  2.7282e-02
  2.0090e-02  1.6359e-02  1.4520e-02  1.3653e-02  1.3558e-02  1.5340e-02
  1.2034e-02  1.1053e-02  1.3467e-02  1.6918e-02  2.0915e-02  2.5365e-02
  3.0216e-02  3.5400e-02  4.0826e-02  4.6386e-02  5.1955e-02  5.7388e-02
  6.3093e-02  1.2387e-01  0.0000e+00  0.0000e+00  0.0000e+00  0.0000e+00
  0.0000e+00  0.0000e+00  0.0000e+00  4.3657e-02  4.3610e-02  5.8734e-02
  8.2162e-02  9.8947e-02  4.4264e-02  6.0145e-02  1.4751e-15  3.1907e-02
  2.9791e-02  2.7890e-02  2.6197e-02  2.4706e-02  2.4133e-02  2.8455e-02
  3.2010e-02  2.2659e-02  1.7680e-02  1.4969e-02  1.4048e-02  1.5429e-02
  2.0186e-02  2.9549e-02  2.8364e-02  2.6616e-02  2.7481e-02  2.9002e-02
  3.0959e-02  3.3330e-02  3.6072e-02  3.9120e-02  4.2383e-02  4.5751e-02
  4.9094e-02  5.2025e-02  3.5364e-02  0.0000e+00  0.0000e+00  0.0000e+00
  0.0000e+00  0.0000e+00  0.0000e+00  0.0000e+00  8.5133e-02  7.8488e-02
  1.1388e-01  9.3579e-02  7.3000e-02  1.9097e-02  2.2345e-02 -1.5832e-15
  2.9023e-01  2.8770e-01  2.8540e-01  2.8329e-01  2.8134e-01  2.9283e-01
  4.0930e-01  5.0997e-01  5.2322e-01  5.3068e-01  5.3517e-01  5.3827e-01
  5.4108e-01  5.5000e-01  4.9325e-01  3.9442e-01  3.2860e-01  3.3113e-01
  3.4010e-01  3.4922e-01  3.5840e-01  3.6756e-01  3.7659e-01  3.8539e-01
  3.9383e-01  4.0181e-01  4.3971e-01  5.5000e-01  0.0000e+00  0.0000e+00
  0.0000e+00  0.0000e+00  0.0000e+00  0.0000e+00  0.0000e+00  5.5000e-01
  5.5000e-01  3.1145e-01  2.3712e-01  2.1873e-01  3.6175e-01  3.9143e-01
 -3.6912e-16  3.2068e-01  3.2534e-01  3.3001e-01  3.3457e-01  3.3893e-01
  3.5919e-01  5.0259e-01  5.5000e-01  5.5000e-01  5.5000e-01  5.5000e-01
  5.5000e-01  5.5000e-01  5.4465e-01  5.3084e-01  3.9826e-01  3.1802e-01
  3.0338e-01  2.9460e-01  2.8610e-01  2.7791e-01  2.7008e-01  2.6263e-01
  2.5559e-01  2.4896e-01  2.4276e-01  2.5163e-01  5.4369e-01  0.0000e+00
  0.0000e+00  0.0000e+00  0.0000e+00  0.0000e+00  0.0000e+00  0.0000e+00
  5.5000e-01  5.5000e-01  5.5000e-01  5.5000e-01  5.5000e-01  3.7139e-01
  4.0654e-01 -2.4719e-10  3.0665e-01  3.1062e-01  3.1472e-01  3.1889e-01
  3.2307e-01  3.4083e-01  4.7503e-01  5.5000e-01  5.5000e-01  5.5000e-01
  5.5000e-01  5.5000e-01  5.5000e-01  5.5000e-01  4.6917e-01  3.5529e-01
  2.9472e-01  2.9626e-01  3.0380e-01  3.1174e-01  3.2004e-01  3.2865e-01
  3.3753e-01  3.4661e-01  3.5582e-01  3.6507e-01  4.0291e-01  5.5000e-01
  0.0000e+00  0.0000e+00  0.0000e+00  0.0000e+00  0.0000e+00  0.0000e+00
  0.0000e+00  5.1012e-01  5.1980e-01  3.1487e-01  3.0012e-01  3.1890e-01
  4.6101e-01  5.5000e-01 -6.6874e-10  3.4871e-01  3.4324e-01  3.3812e-01
  3.3329e-01  3.2871e-01  3.4112e-01  4.7444e-01  5.5000e-01  5.5000e-01
  5.5000e-01  5.5000e-01  5.5000e-01  5.5000e-01  5.5000e-01  5.5000e-01
  4.3423e-01  3.4711e-01  3.3132e-01  3.2175e-01  3.1221e-01  3.0280e-01
  2.9359e-01  2.8466e-01  2.7606e-01  2.6782e-01  2.6001e-01  2.6918e-01
  4.9009e-01  0.0000e+00  0.0000e+00  0.0000e+00  0.0000e+00  0.0000e+00
  0.0000e+00  0.0000e+00  5.5000e-01  5.5000e-01  5.0741e-01  4.3603e-01
  4.1249e-01  3.0395e-01  3.0728e-01 -1.6704e-15  1.8394e-02  1.6099e-02
  1.4036e-02  1.2202e-02  1.0595e-02  9.4655e-03  1.1436e-02  1.7592e-02
  1.3562e-02  1.0658e-02  8.2401e-03  6.0991e-03  4.2282e-03  3.1698e-03
  1.9537e-03  1.7399e-03  2.0366e-03  2.7913e-03  4.0691e-03  5.9310e-03
  8.3366e-03  1.1194e-02  1.4407e-02  1.7880e-02  2.1503e-02  2.5154e-02
  2.8801e-02  7.3505e-02  0.0000e+00  0.0000e+00  0.0000e+00  0.0000e+00
  0.0000e+00  0.0000e+00  0.0000e+00  1.6574e-02  1.4616e-02  4.6050e-02
  6.6806e-02  8.2921e-02  2.4949e-02  3.7037e-02 -2.0976e-15  2.6919e-02
  2.5908e-02  2.5058e-02  2.4356e-02  2.3784e-02  2.4075e-02  3.0966e-02
  2.5524e-02  1.7978e-02  1.3394e-02  1.0069e-02  7.3506e-03  5.0172e-03
  2.8249e-03  7.3158e-03  7.0997e-03  6.4669e-03  6.9441e-03  7.9132e-03
  9.3266e-03  1.1184e-02  1.3457e-02  1.6095e-02  1.9027e-02  2.2163e-02
  2.5394e-02  2.8445e-02  5.6584e-02  0.0000e+00  0.0000e+00  0.0000e+00
  0.0000e+00  0.0000e+00  0.0000e+00  0.0000e+00  2.4354e-02  1.9862e-02
  5.7657e-02  4.4463e-02  3.0071e-02  1.3018e-02  2.4604e-02  7.0281e-16
  3.2185e-01  3.1808e-01  3.1466e-01  3.1153e-01  3.0867e-01  3.2192e-01
  4.5706e-01  5.5000e-01  5.4292e-01  5.3914e-01  5.3702e-01  5.3567e-01
  5.3476e-01  5.5000e-01  5.5000e-01  4.2997e-01  3.5608e-01  3.5678e-01
  3.6435e-01  3.7200e-01  3.7966e-01  3.8725e-01  3.9470e-01  4.0190e-01
  4.0874e-01  4.1514e-01  4.5099e-01  5.5000e-01  0.0000e+00  0.0000e+00
  0.0000e+00  0.0000e+00  0.0000e+00  0.0000e+00  0.0000e+00  5.5000e-01
  5.5000e-01  4.1023e-01  3.1362e-01  2.8738e-01  3.5745e-01  3.3460e-01
 -1.3770e-09  3.1239e-01  3.1585e-01  3.1932e-01  3.2269e-01  3.2591e-01
  3.4327e-01  4.7007e-01  5.5000e-01  5.5000e-01  5.5000e-01  5.5000e-01
  5.5000e-01  5.5000e-01  5.2791e-01  5.2619e-01  3.6907e-01  3.0088e-01
  2.8762e-01  2.7922e-01  2.7121e-01  2.6365e-01  2.5658e-01  2.5000e-01
  2.4392e-01  2.3831e-01  2.3314e-01  2.3590e-01  3.2031e-01  0.0000e+00
  0.0000e+00  0.0000e+00  0.0000e+00  0.0000e+00  0.0000e+00  0.0000e+00
  5.5000e-01  5.5000e-01  5.5000e-01  5.5000e-01  5.5000e-01  3.1931e-01
  3.1036e-01  2.8215e-09  3.2751e-01  3.3292e-01  3.3843e-01  3.4394e-01
  3.4937e-01  3.7205e-01  5.3646e-01  5.5000e-01  5.5000e-01  5.5000e-01
  5.5000e-01  5.5000e-01  5.5000e-01  5.5000e-01  5.4999e-01  4.2870e-01
  3.5208e-01  3.5203e-01  3.5937e-01  3.6721e-01  3.7548e-01  3.8413e-01
  3.9310e-01  4.0230e-01  4.1163e-01  4.2102e-01  4.6156e-01  5.5000e-01
  0.0000e+00  0.0000e+00  0.0000e+00  0.0000e+00  0.0000e+00  0.0000e+00
  0.0000e+00  5.1445e-01  5.5000e-01  4.8777e-01  4.5319e-01  4.7734e-01
  5.1995e-01  5.5000e-01  8.7422e-16  2.9163e-01  2.8745e-01  2.8354e-01
  2.7981e-01  2.7623e-01  2.8519e-01  3.8267e-01  5.5000e-01  5.5000e-01
  5.5000e-01  5.5000e-01  5.5000e-01  5.5000e-01  5.5000e-01  5.5000e-01
  3.8554e-01  3.1788e-01  3.0477e-01  2.9639e-01  2.8829e-01  2.8053e-01
  2.7321e-01  2.6638e-01  2.6006e-01  2.5426e-01  2.4897e-01  2.5094e-01
  3.6815e-01  0.0000e+00  0.0000e+00  0.0000e+00  0.0000e+00  0.0000e+00
  0.0000e+00  0.0000e+00  5.5000e-01  5.3947e-01  4.4726e-01  3.8939e-01
  3.7676e-01  2.8828e-01  2.8161e-01  1.5733e-15  1.0949e-02  1.1252e-02
  1.1746e-02  1.2416e-02  1.3245e-02  1.4686e-02  2.0616e-02  1.4475e-02
  1.6634e-02  1.8743e-02  2.1381e-02  2.5409e-02  3.2088e-02  3.6276e-02
  5.4662e-02  4.1197e-02  4.1215e-02  4.4953e-02  4.9682e-02  5.5049e-02
  6.0977e-02  6.7368e-02  7.4101e-02  8.1031e-02  8.7992e-02  9.4797e-02
  1.0153e-01  1.1433e-01  0.0000e+00  0.0000e+00  0.0000e+00  0.0000e+00
  0.0000e+00  0.0000e+00  0.0000e+00  9.8801e-02  1.0919e-01  1.5125e-01
  1.8809e-01  2.1270e-01  1.0710e-01  1.2956e-01  1.6216e-15  5.4455e-03
  4.5596e-03  3.8515e-03  3.3039e-03  2.8926e-03  2.5863e-03  1.9253e-03
  1.4475e-02  1.5678e-02  1.7144e-02  1.9329e-02  2.2956e-02  2.9194e-02
  4.1083e-02  6.0854e-02  4.7688e-02  4.8671e-02  5.3422e-02  5.9079e-02
  6.5253e-02  7.1881e-02  7.8877e-02  8.6134e-02  9.3525e-02  1.0090e-01
  1.0808e-01  1.1553e-01  1.5181e-01  0.0000e+00  0.0000e+00  0.0000e+00
  0.0000e+00  0.0000e+00  0.0000e+00  0.0000e+00  1.1141e-01  1.0563e-01
  8.5686e-02  6.7703e-02  5.7863e-02  7.8066e-02  9.5638e-02 -3.6980e-09
  2.9489e-01  2.9134e-01  2.8807e-01  2.8505e-01  2.8225e-01  2.9322e-01
  4.1018e-01  5.3817e-01  5.3314e-01  5.2892e-01  5.2459e-01  5.1925e-01
  5.1210e-01  5.5000e-01  5.0192e-01  3.8786e-01  3.2255e-01  3.2355e-01
  3.3064e-01  3.3779e-01  3.4492e-01  3.5198e-01  3.5890e-01  3.6560e-01
  3.7198e-01  3.7795e-01  4.1136e-01  5.5000e-01  0.0000e+00  0.0000e+00
  0.0000e+00  0.0000e+00  0.0000e+00  0.0000e+00  0.0000e+00  5.3331e-01
  4.9026e-01  3.1174e-01  2.3613e-01  2.1873e-01  3.4281e-01  3.2620e-01
  1.3527e-10  3.2737e-01  3.3119e-01  3.3500e-01  3.3871e-01  3.4222e-01
  3.6197e-01  5.0619e-01  5.5000e-01  5.5000e-01  5.5000e-01  5.5000e-01
  5.5000e-01  5.5000e-01  5.0093e-01  5.3453e-01  3.9047e-01  3.1159e-01
  2.9640e-01  2.8687e-01  2.7769e-01  2.6892e-01  2.6062e-01  2.5281e-01
  2.4553e-01  2.3876e-01  2.3253e-01  2.3907e-01  2.5445e-01  0.0000e+00
  0.0000e+00  0.0000e+00  0.0000e+00  0.0000e+00  0.0000e+00  0.0000e+00
  5.3087e-01  5.5000e-01  5.5000e-01  5.5000e-01  5.5000e-01  3.4901e-01
  3.4114e-01  2.8756e-09  3.2947e-01  3.3457e-01  3.3979e-01  3.4503e-01
  3.5021e-01  3.7281e-01  5.3801e-01  5.5000e-01  5.5000e-01  5.5000e-01
  5.5000e-01  5.5000e-01  5.5000e-01  5.5000e-01  5.5000e-01  4.3414e-01
  3.5691e-01  3.5760e-01  3.6588e-01  3.7467e-01  3.8389e-01  3.9348e-01
  4.0335e-01  4.1342e-01  4.2356e-01  4.3369e-01  4.7655e-01  5.5000e-01
  0.0000e+00  0.0000e+00  0.0000e+00  0.0000e+00  0.0000e+00  0.0000e+00
  0.0000e+00  5.5000e-01  5.5000e-01  4.5644e-01  4.3030e-01  4.5365e-01
  5.3608e-01  5.5000e-01  1.4044e-13  2.9286e-01  2.8829e-01  2.8400e-01
  2.7994e-01  2.7606e-01  2.8484e-01  3.8267e-01  5.5000e-01  5.5000e-01
  5.5000e-01  5.5000e-01  5.5000e-01  5.5000e-01  5.5000e-01  5.5000e-01
  3.9196e-01  3.2356e-01  3.1078e-01  3.0277e-01  2.9492e-01  2.8730e-01
  2.8000e-01  2.7306e-01  2.6653e-01  2.6043e-01  2.5477e-01  2.5768e-01
  3.6815e-01  0.0000e+00  0.0000e+00  0.0000e+00  0.0000e+00  0.0000e+00
  0.0000e+00  0.0000e+00  5.5000e-01  5.4482e-01  4.3055e-01  3.8426e-01
  3.7636e-01  3.1110e-01  3.2374e-01  8.8266e-14  1.8572e-03  2.1277e-03
  2.5224e-03  3.0484e-03  3.7025e-03  4.5165e-03  5.8439e-03  9.2477e-03
  1.2406e-02  1.4386e-02  1.6146e-02  1.8604e-02  2.2910e-02  1.9853e-02
  4.2122e-02  3.1121e-02  2.9183e-02  3.0585e-02  3.2916e-02  3.5886e-02
  3.9447e-02  4.3528e-02  4.8032e-02  5.2843e-02  5.7817e-02  6.2793e-02
  6.7524e-02  4.7987e-02  0.0000e+00  0.0000e+00  0.0000e+00  0.0000e+00
  0.0000e+00  0.0000e+00  0.0000e+00  5.6255e-02  7.8758e-02  1.2895e-01
  1.6327e-01  1.8744e-01  8.8882e-02  1.1214e-01 -4.1644e-16  1.5847e-03
  1.6773e-03  1.8336e-03  2.0509e-03  2.3234e-03  2.6526e-03  4.0265e-03
  7.8860e-03  1.0132e-02  1.1283e-02  1.2130e-02  1.3341e-02  1.5717e-02
  3.0528e-02  3.3645e-02  2.6996e-02  2.9094e-02  3.3552e-02  3.8763e-02
  4.4485e-02  5.0662e-02  5.7225e-02  6.4082e-02  7.1123e-02  7.8220e-02
  8.5227e-02  9.2797e-02  1.5230e-01  0.0000e+00  0.0000e+00  0.0000e+00
  0.0000e+00  0.0000e+00  0.0000e+00  0.0000e+00  5.6912e-02  5.9167e-02
  3.9022e-02  2.7971e-02  2.4172e-02  7.1954e-02  9.6132e-02 -1.1143e-15
  2.8326e-01  2.7961e-01  2.7624e-01  2.7311e-01  2.7019e-01  2.7950e-01
  3.8173e-01  0.0000e+00  0.0000e+00  0.0000e+00  0.0000e+00  0.0000e+00
  0.0000e+00  0.0000e+00  3.3621e-01  3.2521e-01  2.8284e-01  2.8700e-01
  2.9568e-01  3.0477e-01  3.1420e-01  3.2388e-01  3.3369e-01  3.4353e-01
  3.5323e-01  3.6268e-01  3.9631e-01  5.5000e-01  5.5000e-01  5.4275e-01
  5.5000e-01  5.5000e-01  5.5000e-01  5.5000e-01  5.5000e-01  5.5000e-01
  5.4948e-01  5.5000e-01  5.5000e-01  5.4818e-01  3.0015e-01  3.0977e-01
 -1.1618e-15  3.3776e-01  3.4138e-01  3.4500e-01  3.4849e-01  3.5179e-01
  3.7220e-01  5.2048e-01  0.0000e+00  0.0000e+00  0.0000e+00  0.0000e+00
  0.0000e+00  0.0000e+00  0.0000e+00  4.9067e-01  4.3456e-01  3.4701e-01
  3.3306e-01  3.2566e-01  3.1855e-01  3.1175e-01  3.0531e-01  2.9924e-01
  2.9356e-01  2.8829e-01  2.8347e-01  3.0039e-01  4.9531e-01  5.0203e-01
  5.2970e-01  5.3439e-01  5.4159e-01  5.4659e-01  5.4998e-01  5.5000e-01
  5.5000e-01  5.5000e-01  3.6474e-01  3.3916e-01  2.7399e-01  3.9866e-01
  4.2577e-01 -1.2668e-09  3.4164e-01  3.4684e-01  3.5216e-01  3.5750e-01
  3.6276e-01  3.8640e-01  5.4998e-01  0.0000e+00  0.0000e+00  0.0000e+00
  0.0000e+00  0.0000e+00  0.0000e+00  0.0000e+00  3.8464e-01  3.0562e-01
  2.7529e-01  2.7816e-01  2.8419e-01  2.9065e-01  2.9751e-01  3.0475e-01
  3.1235e-01  3.2024e-01  3.2835e-01  3.3662e-01  3.6531e-01  5.5000e-01
  5.5000e-01  5.5000e-01  5.5000e-01  5.4986e-01  5.5000e-01  5.5000e-01
  5.4807e-01  5.4882e-01  5.5000e-01  3.9396e-01  3.9725e-01  3.7496e-01
  4.6284e-01  5.5000e-01  2.0966e-15  2.8156e-01  2.7718e-01  2.7308e-01
  2.6919e-01  2.6549e-01  2.7287e-01  3.6122e-01  0.0000e+00  0.0000e+00
  0.0000e+00  0.0000e+00  0.0000e+00  0.0000e+00  0.0000e+00  5.5000e-01
  5.4137e-01  4.3659e-01  4.1989e-01  4.1078e-01  4.0160e-01  3.9240e-01
  3.8329e-01  3.7434e-01  3.6562e-01  3.5718e-01  3.4908e-01  3.6817e-01
  5.5000e-01  5.5000e-01  5.5000e-01  5.5000e-01  5.5000e-01  5.5000e-01
  5.5000e-01  5.5000e-01  5.5000e-01  5.5000e-01  5.0384e-01  4.6195e-01
  3.9690e-01  2.7274e-01  2.4832e-01 -2.0588e-15  6.0619e-03  7.4023e-03
  8.8547e-03  1.0379e-02  1.1937e-02  1.3468e-02  1.4283e-02  0.0000e+00
  0.0000e+00  0.0000e+00  0.0000e+00  0.0000e+00  0.0000e+00  0.0000e+00
  6.4375e-02  6.8247e-02  6.2620e-02  5.8136e-02  5.3996e-02  5.0157e-02
  4.6691e-02  4.3649e-02  4.1059e-02  3.8928e-02  3.7244e-02  3.5982e-02
  3.6700e-02  3.5721e-02  3.0336e-02  1.5115e-02  9.1193e-03  4.7696e-03
  2.0933e-03  1.0840e-03  2.3106e-03  1.2035e-02  2.1441e-02  5.6488e-02
  5.9465e-02  5.7171e-02  4.6058e-02  5.6972e-02  1.6033e-15  5.4802e-03
  6.6088e-03  7.8187e-03  9.0726e-03  1.0333e-02  1.1576e-02  1.3420e-02
  0.0000e+00  0.0000e+00  0.0000e+00  0.0000e+00  0.0000e+00  0.0000e+00
  0.0000e+00  9.9477e-02  6.7849e-02  5.9484e-02  5.2768e-02  4.6390e-02
  4.0310e-02  3.4626e-02  2.9415e-02  2.4735e-02  2.0629e-02  1.7120e-02
  1.4222e-02  1.2593e-02  2.2977e-02  1.9965e-02  1.3012e-02  7.2325e-03
  4.0534e-03  1.9407e-03  1.0831e-03  2.2263e-03  1.1909e-02  2.1368e-02
  7.2749e-02  9.8061e-02  1.3680e-01  5.7525e-02  8.9202e-02  3.6546e-09
  2.7228e-01  2.6900e-01  2.6595e-01  2.6308e-01  2.6039e-01  2.6723e-01
  3.5907e-01  0.0000e+00  0.0000e+00  0.0000e+00  0.0000e+00  0.0000e+00
  0.0000e+00  0.0000e+00  3.0707e-01  2.9363e-01  2.6030e-01  2.6462e-01
  2.7269e-01  2.8126e-01  2.9023e-01  2.9951e-01  3.0900e-01  3.1857e-01
  3.2807e-01  3.3736e-01  3.6814e-01  5.5000e-01  5.5000e-01  5.3768e-01
  5.5000e-01  5.5000e-01  5.5000e-01  5.5000e-01  5.5000e-01  5.5000e-01
  5.5000e-01  5.5000e-01  5.5000e-01  5.0283e-01  2.7737e-01  2.8661e-01
  1.1731e-15  3.6732e-01  3.7119e-01  3.7506e-01  3.7879e-01  3.8229e-01
  4.0463e-01  5.5000e-01  0.0000e+00  0.0000e+00  0.0000e+00  0.0000e+00
  0.0000e+00  0.0000e+00  0.0000e+00  5.3490e-01  4.6823e-01  3.7078e-01
  3.5538e-01  3.4739e-01  3.3972e-01  3.3241e-01  3.2550e-01  3.1904e-01
  3.1306e-01  3.0759e-01  3.0269e-01  3.2393e-01  5.2514e-01  5.2957e-01
  5.5000e-01  5.5000e-01  5.5000e-01  5.5000e-01  5.5000e-01  5.5000e-01
  5.5000e-01  5.5000e-01  4.7302e-01  4.2950e-01  3.4774e-01  4.2758e-01
  4.6704e-01 -1.0633e-09  3.3535e-01  3.4007e-01  3.4492e-01  3.4981e-01
  3.5465e-01  3.7734e-01  5.3656e-01  0.0000e+00  0.0000e+00  0.0000e+00
  0.0000e+00  0.0000e+00  0.0000e+00  0.0000e+00  3.4278e-01  2.7976e-01
  2.5163e-01  2.5516e-01  2.6179e-01  2.6894e-01  2.7657e-01  2.8465e-01
  2.9311e-01  3.0189e-01  3.1089e-01  3.2001e-01  3.4945e-01  5.5000e-01
  5.5000e-01  5.5000e-01  5.5000e-01  5.4045e-01  5.3141e-01  5.2151e-01
  5.0903e-01  4.9398e-01  4.8722e-01  4.1919e-01  4.0937e-01  3.6853e-01
  4.3923e-01  5.5000e-01 -1.6089e-15  2.7678e-01  2.7226e-01  2.6804e-01
  2.6407e-01  2.6031e-01  2.6716e-01  3.4315e-01  0.0000e+00  0.0000e+00
  0.0000e+00  0.0000e+00  0.0000e+00  0.0000e+00  0.0000e+00  5.5000e-01
  5.2019e-01  4.1668e-01  4.0097e-01  3.9287e-01  3.8466e-01  3.7640e-01
  3.6818e-01  3.6006e-01  3.5210e-01  3.4434e-01  3.3684e-01  3.5702e-01
  5.5000e-01  5.5000e-01  5.5000e-01  5.5000e-01  5.5000e-01  5.5000e-01
  5.5000e-01  5.5000e-01  5.5000e-01  5.5000e-01  5.2970e-01  4.7018e-01
  3.8049e-01  2.4858e-01  2.0985e-01  1.7558e-15  1.8304e-02  1.9857e-02
  2.1459e-02  2.3072e-02  2.4655e-02  2.6031e-02  2.2017e-02  0.0000e+00
  0.0000e+00  0.0000e+00  0.0000e+00  0.0000e+00  0.0000e+00  0.0000e+00
  8.9729e-02  9.6783e-02  8.8018e-02  8.1445e-02  7.5307e-02  6.9465e-02
  6.4009e-02  5.9010e-02  5.4515e-02  5.0555e-02  4.7143e-02  4.4278e-02
  4.3752e-02  5.2660e-02  4.5901e-02  2.3190e-02  1.7377e-02  1.3732e-02
  1.3391e-02  1.6825e-02  2.7813e-02  5.5467e-02  7.6329e-02  1.1450e-01
  1.1702e-01  1.0195e-01  6.7274e-02  6.8450e-02 -3.8325e-17  2.2561e-02
  2.4843e-02  2.7124e-02  2.9367e-02  3.1531e-02  3.3901e-02  4.4283e-02
  0.0000e+00  0.0000e+00  0.0000e+00  0.0000e+00  0.0000e+00  0.0000e+00
  0.0000e+00  1.1938e-01  8.7782e-02  7.8626e-02  7.1272e-02  6.4337e-02
  5.7773e-02  5.1692e-02  4.6187e-02  4.1331e-02  3.7177e-02  3.3762e-02
  3.1112e-02  3.0712e-02  4.6581e-02  4.1267e-02  2.5265e-02  1.7377e-02
  1.2505e-02  1.0776e-02  1.2160e-02  1.9441e-02  4.0223e-02  5.6708e-02
  9.1230e-02  1.2483e-01  1.4729e-01  9.0086e-02  1.3733e-01 -7.6024e-10
  2.7104e-01  2.6701e-01  2.6331e-01  2.5987e-01  2.5669e-01  2.6424e-01
  3.2270e-01  0.0000e+00  0.0000e+00  0.0000e+00  0.0000e+00  0.0000e+00
  0.0000e+00  0.0000e+00  4.2606e-01  3.4490e-01  2.9758e-01  3.0109e-01
  3.0944e-01  3.1802e-01  3.2675e-01  3.3555e-01  3.4433e-01  3.5300e-01
  3.6144e-01  3.6955e-01  4.0254e-01  5.5000e-01  5.5000e-01  5.4779e-01
  5.4495e-01  5.3702e-01  5.5000e-01  5.5000e-01  5.5000e-01  5.5000e-01
  5.5000e-01  5.5000e-01  5.5000e-01  5.0772e-01  2.7910e-01  2.6659e-01
 -7.2165e-09  3.2155e-01  3.2398e-01  3.2642e-01  3.2878e-01  3.3098e-01
  3.4873e-01  4.4266e-01  0.0000e+00  0.0000e+00  0.0000e+00  0.0000e+00
  0.0000e+00  0.0000e+00  0.0000e+00  5.5000e-01  4.5944e-01  3.6464e-01
  3.4834e-01  3.3910e-01  3.3015e-01  3.2154e-01  3.1332e-01  3.0554e-01
  2.9823e-01  2.9143e-01  2.8519e-01  3.0146e-01  5.4412e-01  5.4123e-01
  5.3461e-01  5.2949e-01  5.2883e-01  5.0513e-01  4.8956e-01  4.6350e-01
  3.9587e-01  3.6794e-01  3.4084e-01  3.1342e-01  2.5891e-01  3.6912e-01
  3.4680e-01 -1.3794e-09  4.0544e-01  4.1148e-01  4.1761e-01  4.2371e-01
  4.2968e-01  4.5671e-01  5.5000e-01  0.0000e+00  0.0000e+00  0.0000e+00
  0.0000e+00  0.0000e+00  0.0000e+00  0.0000e+00  4.1080e-01  3.3222e-01
  2.8291e-01  2.8591e-01  2.9399e-01  3.0251e-01  3.1143e-01  3.2070e-01
  3.3026e-01  3.4004e-01  3.4992e-01  3.5984e-01  3.9613e-01  5.5000e-01
  5.5000e-01  5.5000e-01  5.5000e-01  5.5000e-01  5.5000e-01  5.5000e-01
  5.5000e-01  5.5000e-01  5.5000e-01  5.5000e-01  5.5000e-01  5.1107e-01
  5.4893e-01  5.5000e-01 -1.1222e-13  2.7089e-01  2.6795e-01  2.6524e-01
  2.6271e-01  2.6032e-01  2.6365e-01  3.4206e-01  0.0000e+00  0.0000e+00
  0.0000e+00  0.0000e+00  0.0000e+00  0.0000e+00  0.0000e+00  5.5000e-01
  4.6126e-01  3.7012e-01  3.5528e-01  3.4703e-01  3.3871e-01  3.3038e-01
  3.2212e-01  3.1398e-01  3.0603e-01  2.9829e-01  2.9083e-01  3.0408e-01
  5.5000e-01  5.5000e-01  5.5000e-01  5.5000e-01  5.5000e-01  5.5000e-01
  5.5000e-01  5.4536e-01  4.7617e-01  4.4242e-01  4.1107e-01  3.8512e-01
  3.4809e-01  2.9230e-01  3.0486e-01  4.9926e-09  5.0597e-02  5.4529e-02
  5.8452e-02  6.2321e-02  6.6088e-02  7.0226e-02  8.8670e-02  0.0000e+00
  0.0000e+00  0.0000e+00  0.0000e+00  0.0000e+00  0.0000e+00  0.0000e+00
  3.0083e-02  2.3890e-02  1.9491e-02  1.5872e-02  1.2630e-02  9.7728e-03
  7.3579e-03  5.4336e-03  4.0202e-03  3.0815e-03  2.5261e-03  2.2517e-03
  2.2986e-03  3.3034e-03  4.0910e-03  8.2492e-03  1.1946e-02  1.6554e-02
  1.8482e-02  2.5509e-02  3.7572e-02  4.2864e-02  4.6898e-02  5.0962e-02
  5.4951e-02  5.6606e-02  1.2676e-01  1.5648e-01 -6.7498e-16  4.2175e-02
  4.4683e-02  4.7213e-02  4.9725e-02  5.2174e-02  5.4584e-02  5.6756e-02
  0.0000e+00  0.0000e+00  0.0000e+00  0.0000e+00  0.0000e+00  0.0000e+00
  0.0000e+00  1.9991e-02  1.4967e-02  1.2244e-02  9.7457e-03  7.6411e-03
  6.0103e-03  4.8963e-03  4.2929e-03  4.1663e-03  4.4927e-03  5.2682e-03
  6.4839e-03  8.5616e-03  3.6585e-03  4.8544e-03  9.9383e-03  1.4346e-02
  1.8024e-02  2.7808e-02  4.0427e-02  6.4147e-02  1.1138e-01  1.4269e-01
  1.7883e-01  2.1897e-01  2.4656e-01  1.3169e-01  1.6563e-01 -3.6914e-09
  2.6106e-01  2.5750e-01  2.5422e-01  2.5116e-01  2.4831e-01  2.5349e-01
  3.0348e-01  0.0000e+00  0.0000e+00  0.0000e+00  0.0000e+00  0.0000e+00
  0.0000e+00  0.0000e+00  4.1903e-01  3.1269e-01  2.7465e-01  2.7853e-01
  2.8646e-01  2.9465e-01  3.0301e-01  3.1148e-01  3.1996e-01  3.2833e-01
  3.3650e-01  3.4435e-01  3.7433e-01  5.5000e-01  5.5000e-01  5.5000e-01
  5.3744e-01  5.2782e-01  5.5000e-01  5.5000e-01  5.5000e-01  5.5000e-01
  5.5000e-01  5.5000e-01  5.5000e-01  4.6729e-01  2.5833e-01  2.5208e-01
 -1.1331e-13  3.5118e-01  3.5394e-01  3.5671e-01  3.5938e-01  3.6186e-01
  3.8153e-01  4.9021e-01  0.0000e+00  0.0000e+00  0.0000e+00  0.0000e+00
  0.0000e+00  0.0000e+00  0.0000e+00  5.5000e-01  4.9521e-01  3.9036e-01
  3.7261e-01  3.6280e-01  3.5327e-01  3.4410e-01  3.3536e-01  3.2712e-01
  3.1943e-01  3.1233e-01  3.0591e-01  3.2652e-01  5.5000e-01  5.5000e-01
  5.5000e-01  5.5000e-01  5.5000e-01  5.2503e-01  5.1516e-01  4.9715e-01
  4.4568e-01  4.2575e-01  4.0407e-01  3.7909e-01  3.2542e-01  3.9543e-01
  3.7597e-01  1.0874e-15  3.9923e-01  4.0485e-01  4.1059e-01  4.1631e-01
  4.2194e-01  4.4802e-01  5.5000e-01  0.0000e+00  0.0000e+00  0.0000e+00
  0.0000e+00  0.0000e+00  0.0000e+00  0.0000e+00  3.3348e-01  3.0895e-01
  2.6136e-01  2.6507e-01  2.7385e-01  2.8312e-01  2.9283e-01  3.0292e-01
  3.1331e-01  3.2391e-01  3.3460e-01  3.4527e-01  3.8246e-01  5.5000e-01
  5.3217e-01  5.4952e-01  5.5000e-01  5.5000e-01  5.5000e-01  5.5000e-01
  5.5000e-01  5.5000e-01  5.5000e-01  5.5000e-01  5.5000e-01  5.0646e-01
  5.2691e-01  5.5000e-01 -1.3812e-09  2.6704e-01  2.6406e-01  2.6133e-01
  2.5880e-01  2.5644e-01  2.5931e-01  3.3153e-01  0.0000e+00  0.0000e+00
  0.0000e+00  0.0000e+00  0.0000e+00  0.0000e+00  0.0000e+00  5.5000e-01
  4.3806e-01  3.4868e-01  3.3489e-01  3.2760e-01  3.2021e-01  3.1275e-01
  3.0530e-01  2.9791e-01  2.9061e-01  2.8345e-01  2.7647e-01  2.9045e-01
  5.2174e-01  5.5000e-01  5.5000e-01  5.5000e-01  5.5000e-01  5.5000e-01
  5.5000e-01  5.4205e-01  4.6874e-01  4.3323e-01  4.0018e-01  3.7239e-01
  3.2753e-01  2.6700e-01  2.6311e-01 -9.6721e-16  6.2419e-02  6.6536e-02
  7.0612e-02  7.4592e-02  7.8422e-02  8.2407e-02  1.0294e-01  0.0000e+00
  0.0000e+00  0.0000e+00  0.0000e+00  0.0000e+00  0.0000e+00  0.0000e+00
  9.2695e-02  5.3720e-02  4.5919e-02  4.0042e-02  3.4614e-02  2.9528e-02
  2.4849e-02  2.0627e-02  1.6893e-02  1.3664e-02  1.0938e-02  8.7042e-03
  7.3438e-03  1.5830e-02  2.2185e-02  1.9875e-02  2.2927e-02  2.8219e-02
  3.4101e-02  4.6371e-02  6.6305e-02  7.8756e-02  8.6383e-02  9.2577e-02
  9.7227e-02  9.6915e-02  1.4765e-01  1.7189e-01 -1.7214e-15  5.9077e-02
  6.2641e-02  6.6171e-02  6.9616e-02  7.2925e-02  7.6393e-02  7.5344e-02
  0.0000e+00  0.0000e+00  0.0000e+00  0.0000e+00  0.0000e+00  0.0000e+00
  0.0000e+00  2.9089e-02  3.5139e-02  3.1564e-02  2.8474e-02  2.5847e-02
  2.3728e-02  2.2181e-02  2.1248e-02  2.0946e-02  2.1273e-02  2.2208e-02
  2.3717e-02  2.7045e-02  2.0748e-02  1.9219e-02  1.9810e-02  2.0890e-02
  2.4067e-02  3.9508e-02  5.5333e-02  8.4718e-02  1.4378e-01  1.8060e-01
  2.2098e-01  2.6390e-01  2.6108e-01  1.6282e-01  2.0557e-01 -1.3114e-15]
The  1 Round:
1.14030731326958 0.8403073332415789 0.29999997886563506
x_init: 0.796470381719924
y_init: 0.031229028528621642
z_init: 0.7000351579481987
Lx_init: -0.04006143158260275
Ly_init: 0.0020850689964424366
Lz_init: -0.08279467014519952
xdot_init: 0.24758275132200674
xdot_init: 0.15386849349542675
zdot_init: -0.0006784704996485273
Terrain Tangent X: [1 0 0]
Terrain Tangent Y: [0 1 0]
Terrain Norm: [0 0 1]
PL init:  0.8899999999611147 0.08586473156480905 0.0
PR init:  0.6 -0.1 0
[[ 1.6     1.      1.      1.6   ]
 [ 0.      0.     -0.5    -0.5   ]
 [-0.0725 -0.0725  0.0725  0.0725]]
[[ 1.6     1.      1.      1.6   ]
 [ 0.5     0.5     0.      0.    ]
 [ 0.0725  0.0725 -0.0725 -0.0725]]
[[ 2.2     1.6     1.6     2.2   ]
 [ 0.      0.     -0.5    -0.5   ]
 [ 0.0725  0.0725 -0.0725 -0.0725]]
Px_seq:  [1.4197 1.7359]
Py_seq:  [ 0.1178 -0.0676]
Pz_seq:  [-0.0264  0.0365]
SwitchingTimeVec:  [0.3 0.5 0.3 0.3 0.5 0.3]

=======================================
           Academic License
       (NOT FOR COMMERCIAL USE)
         Artelys Knitro 10.3.0
=======================================

Knitro presolve eliminated 598 variables and 9821 constraints.

bar_directinterval:      0
Knitro changing algorithm from AUTO to 1.
Knitro changing bar_initpt from AUTO to 3.
Knitro changing bar_murule from AUTO to 4.
Knitro changing bar_penaltycons from AUTO to 1.
Knitro changing bar_penaltyrule from AUTO to 2.
Knitro changing bar_switchrule from AUTO to 2.
Knitro changing linesearch from AUTO to 1.
Knitro changing linsolver from AUTO to 5.
Knitro shifted start point to satisfy presolved bounds (749 variables).
Knitro fixing 598 variables eliminated from the presolve.

Problem Characteristics                    ( Presolved)
-----------------------
Objective goal:  Minimize
Number of variables:                        4167 (      3569)
    bounded below only:                        0 (         0)
    bounded above only:                        0 (         0)
    bounded below and above:                4167 (      3569)
    fixed:                                     0 (         0)
    free:                                      0 (         0)
Number of constraints:                     22673 (     12930)
    linear equalities:                      1461 (       275)
    nonlinear equalities:                    294 (       294)
    linear one-sided inequalities:         17348 (      9001)
    nonlinear one-sided inequalities:       3360 (      3360)
    linear two-sided inequalities:           210 (         0)
    nonlinear two-sided inequalities:          0 (         0)
Number of nonzeros in Jacobian:           109281 (     66975)
Number of nonzeros in Hessian:             16748 (     13337)

  Iter      Objective      FeasError   OptError    ||Step||    CGits 
--------  --------------  ----------  ----------  ----------  -------
       0    3.586310e+03   3.636e+02
      10    3.434768e+03   4.777e+01   2.387e+02   4.495e+02        0
      20    3.405506e+03   1.404e+00   2.012e+01   1.848e+02        0
      30    3.442354e+03   1.469e-01   1.411e+01   1.070e+02        0
      40    3.438028e+03   5.173e-04   2.672e-01   7.760e+00        0
      50    3.437996e+03   5.180e-04   4.989e+00   4.522e+01        0
      60    3.438017e+03   6.236e-04   1.721e+05   1.128e-01        0
      70    3.437984e+03   8.997e-04   1.691e+04   2.306e-01        0
      80    3.437945e+03   1.398e-03   1.593e+02   1.606e-02        0
      90    3.438250e+03   1.701e-03   1.009e+02   7.363e-01        0
     100    3.437861e+03   1.824e-03   1.009e+02   5.609e+00        0
     110    3.436839e+03   1.856e-03   1.009e+02   1.581e-01        0
     120    3.436742e+03   1.860e-03   1.009e+02   9.486e-02        0
     130    3.436666e+03   1.863e-03   1.009e+02   1.080e-01        0
     140    3.436599e+03   1.865e-03   1.009e+02   9.591e-02        0
     150    3.436540e+03   1.868e-03   1.009e+02   8.632e-02        0
     160    3.435822e+03   1.936e-03   1.009e+02   2.345e-01        0
     170    3.436348e+03   2.115e-03   1.009e+02   5.383e+00        0
     180    3.443758e+03   2.361e-03   1.009e+02   5.132e+01        0
     190    3.443781e+03   2.361e-03   1.009e+02   2.776e-01        0
     200    3.443789e+03   2.361e-03   1.009e+02   1.396e-01        0
     210    3.443794e+03   2.361e-03   1.009e+02   1.400e-01        0
     220    3.443799e+03   2.361e-03   1.009e+02   1.404e-01        0
     230    3.443804e+03   2.361e-03   1.009e+02   1.408e-01        0
     240    3.443809e+03   2.361e-03   1.009e+02   1.413e-01        0
     250    3.443814e+03   2.361e-03   1.009e+02   1.417e-01        0
     260    3.443819e+03   2.361e-03   1.009e+02   1.422e-01        0
     270    3.443824e+03   2.361e-03   1.009e+02   1.426e-01        0
     280    3.443829e+03   2.361e-03   1.009e+02   1.430e-01        0
     290    3.443834e+03   2.361e-03   1.009e+02   1.434e-01        0
     300    3.443839e+03   2.361e-03   1.009e+02   1.439e-01        0
     310    3.443844e+03   2.361e-03   1.009e+02   1.443e-01        0
     320    3.443849e+03   2.361e-03   1.009e+02   1.447e-01        0
     330    3.443855e+03   2.361e-03   1.009e+02   1.452e-01        0
     340    3.443860e+03   2.361e-03   1.009e+02   1.456e-01        0
     350    3.443861e+03   2.361e-03   1.009e+02   1.282e-01        0
     360    3.443885e+03   2.361e-03   1.009e+02   1.282e-01        0
     370    3.443902e+03   2.361e-03   1.009e+02   1.282e-01        0
     372    3.443904e+03   2.361e-03   1.009e+02   1.629e-04        0

EXIT: Convergence to an infeasible point. Problem appears to be locally
      infeasible. If problem is believed to be feasible, try multistart 
      to search for feasible points, or decrease infeastol.

Final Statistics
----------------
Final objective value               =   3.44390407977504e+03
Final feasibility error (abs / rel) =   2.36e-03 / 6.49e-06
Final optimality error  (abs / rel) =   1.01e+02 / 1.00e+00
# of iterations                     =        372 
# of CG iterations                  =         21 
# of function evaluations           =       2707
# of gradient evaluations           =        374
# of Hessian evaluations            =        373
Total program time (secs)           =      23.71156 (    23.672 CPU time)
Time spent in evaluations (secs)    =       2.69905

===============================================================================

      solver  :   t_proc      (avg)   t_wall      (avg)    n_eval
      nlp_fg  |   2.13 s (785.40us)   2.13 s (787.36us)      2708
   nlp_gf_jg  | 364.61ms (974.89us) 364.43ms (974.40us)       374
    nlp_grad  |   2.06ms (  2.06ms)   2.07ms (  2.07ms)         1
  nlp_hess_l  | 160.19ms (429.46us) 160.01ms (428.99us)       373
       total  |  23.88 s ( 23.88 s)  23.97 s ( 23.97 s)         1
Fail at Round  1
Total Program Time:  23.8847
Accumulated Acc Cost is:  0.2629
Accumulated Momentum Cost is:  0.0033
Accumulated Momentum Rate Cost is:  1.79
Total Cost is:  3690.2617
Terminal Cost is:  3690.2617
Terminal X position is:  0.7965
Terminal Y position is:  0.0312
Terminal Z position is:  0.7
