==================================================================
A new Round
 
Initial Seed Type:  previous
Chosen Solver:  NLP
Number of LookAhead:  5
Flat Terrain, use the default set up of terrain tangent and norm
The  0 Round:
[[10.  -0.5 -0.5 10. ]
 [ 0.5  0.5 -0.5 -0.5]
 [ 0.   0.   0.   0. ]]
[[10.  -0.5 -0.5 10. ]
 [ 0.5  0.5 -0.5 -0.5]
 [ 0.   0.   0.   0. ]]
[[10.  -0.5 -0.5 10. ]
 [ 0.5  0.5 -0.5 -0.5]
 [ 0.   0.   0.   0. ]]
[[10.  -0.5 -0.5 10. ]
 [ 0.5  0.5 -0.5 -0.5]
 [ 0.   0.   0.   0. ]]
[[10.  -0.5 -0.5 10. ]
 [ 0.5  0.5 -0.5 -0.5]
 [ 0.   0.   0.   0. ]]

=======================================
           Academic License
       (NOT FOR COMMERCIAL USE)
         Artelys Knitro 10.3.0
=======================================

Knitro presolve eliminated 437 variables and 22687 constraints.

Knitro changing algorithm from AUTO to 1.
Knitro changing bar_initpt from AUTO to 3.
Knitro changing bar_murule from AUTO to 4.
Knitro changing bar_penaltycons from AUTO to 1.
Knitro changing bar_penaltyrule from AUTO to 2.
Knitro changing bar_switchrule from AUTO to 2.
Knitro changing linesearch from AUTO to 1.
Knitro changing linsolver from AUTO to 5.
Knitro shifted start point to satisfy presolved bounds (714 variables).
Knitro fixing 437 variables eliminated from the presolve.

Problem Characteristics                    ( Presolved)
-----------------------
Objective goal:  Minimize
Number of variables:                        3126 (      2689)
    bounded below only:                        0 (         0)
    bounded above only:                        0 (         0)
    bounded below and above:                3126 (      2689)
    fixed:                                     0 (         0)
    free:                                      0 (         0)
Number of constraints:                     45116 (     22439)
    linear equalities:                       887 (        15)
    nonlinear equalities:                   1239 (      1239)
    linear one-sided inequalities:         42978 (     21185)
    nonlinear one-sided inequalities:          0 (         0)
    linear two-sided inequalities:            12 (         0)
    nonlinear two-sided inequalities:          0 (         0)
Number of nonzeros in Jacobian:           232973 (    109422)
Number of nonzeros in Hessian:             23664 (     17439)

  Iter      Objective      FeasError   OptError    ||Step||    CGits 
--------  --------------  ----------  ----------  ----------  -------
       0    5.817540e+03   2.232e+04
      10    4.782001e+03   7.929e+03   1.298e+03   1.622e+02        0
      20    4.645785e+03   7.794e+03   1.949e+03   9.598e+01        0
      30    4.558203e+03   7.715e+03   2.173e+03   1.923e+00        0
      40    4.673882e+03   7.608e+03   5.772e+03   1.912e+02        0
      50    4.850302e+03   7.543e+03   6.927e+03   2.090e+02        0
      60    4.931533e+03   7.487e+03   2.329e+03   1.274e+02        0
      70    5.089209e+03   7.443e+03   5.566e+03   7.862e+00        0
      80    5.127387e+03   7.401e+03   8.578e+03   4.126e+01        0
      90    4.944513e+03   7.330e+03   1.222e+04   1.083e+02        0
     100    4.711406e+03   6.609e+03   2.460e+03   5.459e+00        3
     110    3.859730e+03   1.923e+03   4.016e+03   3.226e+01        0
     120    3.727890e+03   1.888e+03   5.811e+03   7.221e+00        0
     130    3.748134e+03   1.856e+03   5.727e+03   6.930e+01        0
     140    3.758032e+03   1.833e+03   5.670e+03   1.811e+02        0
     150    3.829195e+03   1.817e+03   5.616e+03   6.996e+01        0
     160    3.687081e+03   1.716e+03   1.310e+03   1.890e+01        0
     170    3.595746e+03   1.680e+03   1.320e+03   8.255e+01        0
     180    3.575548e+03   1.659e+03   1.324e+03   8.980e-01        0
     190    3.717688e+03   1.645e+03   1.327e+03   6.141e+01        0
     200    3.859717e+03   1.635e+03   1.329e+03   2.340e+01        0
     210    4.207568e+03   1.531e+03   1.330e+03   1.585e+02        0
     220    4.337364e+03   1.507e+03   1.332e+03   3.150e+00        0
     230    4.285279e+03   1.405e+03   1.336e+03   3.423e+01        0
     240    4.133117e+03   1.390e+03   1.340e+03   7.022e-01        0
     250    4.094218e+03   1.367e+03   1.345e+03   3.645e+01        0
     260    4.017197e+03   1.356e+03   1.350e+03   9.346e+01        0
     270    3.966114e+03   1.343e+03   1.359e+03   1.113e+02        0
     280    3.877636e+03   1.330e+03   1.362e+03   2.835e+02        0
     290    3.665437e+03   1.254e+03   2.547e+03   3.649e+01        0
     300    3.291089e+03   1.238e+03   8.026e+03   1.966e+02        0
     310    2.870514e+03   1.217e+03   1.213e+04   1.822e+02        0
     320    2.490928e+03   1.162e+03   7.531e+03   6.823e+01        0
     330    2.408158e+03   1.112e+03   3.081e+03   8.884e+01        0
     340    2.017945e+03   5.311e+02   3.835e+04   1.954e+01        0
     350    1.462671e+03   3.209e+02   1.704e+01   1.395e+02        0
     360    6.911509e+02   9.478e+01   1.358e+01   1.126e+03        0
     370    9.001629e+02   5.738e+00   1.605e+01   5.896e+02        0
     380    9.486696e+02   4.001e-01   1.385e+01   2.021e+00        0
     390    9.468111e+02   3.786e-01   7.489e+00   1.584e+01        0
     400    9.457759e+02   3.512e-01   6.969e+00   9.570e+00        0
     410    9.509163e+02   3.417e-01   6.998e+00   8.342e+00        0
     420    9.754940e+02   3.283e-01   7.078e+00   4.675e+00        0
     430    9.819845e+02   3.211e-01   7.092e+00   1.071e+01        0
     440    9.769167e+02   2.640e-01   7.860e+00   8.050e+00        0
     450    9.510599e+02   8.501e-02   9.244e+00   2.761e+00        0
     460    9.494331e+02   4.680e-03   1.008e+01   1.005e+01        0
     470    9.302632e+02   3.783e-03   6.883e+00   1.743e+01        0
     480    7.861052e+02   6.570e-01   7.034e+00   3.127e+02        0
     490    6.338817e+02   1.475e-01   2.332e-01   6.899e+01        0
     500    5.956555e+02   2.532e-01   5.620e-02   9.330e+00        0
     510    5.727192e+02   6.668e-02   3.474e-01   6.495e+01        0
     520    5.559705e+02   2.390e-02   1.263e-01   9.005e+01        0
     530    5.454548e+02   3.855e-02   4.478e-02   2.973e+01        0
     540    5.429786e+02   2.973e-03   2.016e-02   8.613e+00        4
     550    5.414886e+02   1.749e-02   8.797e-02   6.575e+01        0
     560    5.408235e+02   3.753e-02   8.691e-02   2.497e+01        0
     570    5.406211e+02   6.711e-02   1.273e-01   2.648e-01        0
     580    5.403307e+02   3.081e-02   3.376e-03   1.210e+01        0
     590    5.400046e+02   1.088e-02   5.121e-02   1.527e+01        0
     600    5.397232e+02   2.093e-02   1.375e-01   2.861e+00        0
     610    5.395298e+02   4.497e-02   3.903e-03   1.114e-02        0
     620    5.393450e+02   4.064e-02   5.347e-03   1.777e+02        0
     630    5.392146e+02   1.218e-02   1.630e-03   8.473e-01        0
     636    5.391977e+02   4.414e-07   3.962e-06   2.269e-01        0

EXIT: Locally optimal solution found.

Final Statistics
----------------
Final objective value               =   5.39197678169205e+02
Final feasibility error (abs / rel) =   4.41e-07 / 1.98e-11
Final optimality error  (abs / rel) =   3.96e-06 / 7.23e-07
# of iterations                     =        636 
# of CG iterations                  =        201 
# of function evaluations           =        722
# of gradient evaluations           =        638
# of Hessian evaluations            =        637
Total program time (secs)           =      29.76596 (    29.741 CPU time)
Time spent in evaluations (secs)    =       2.14648

===============================================================================

      solver  :   t_proc      (avg)   t_wall      (avg)    n_eval
      nlp_fg  | 868.40ms (  1.20ms) 868.51ms (  1.20ms)       723
   nlp_gf_jg  | 941.24ms (  1.48ms) 941.48ms (  1.48ms)       638
    nlp_grad  |   2.71ms (  2.71ms)   2.71ms (  2.71ms)         1
  nlp_hess_l  | 314.89ms (494.33us) 314.43ms (493.61us)       637
       total  |  30.15 s ( 30.15 s)  30.00 s ( 30.00 s)         1
Round  0 True
Full Cost Value:  0.35904802929652163
Acceleration:  0.33231589239351855
Momentum:  0.02673213690300305
Total Program Time:  30.1541
First Level NLP Results:
x_res:  [0.6    0.6    0.6006 0.6018 0.6035 0.6058 0.6086 0.612  0.6186 0.6268
 0.6371 0.6496 0.6644 0.6815 0.7009 0.7052 0.7095 0.7138 0.7182 0.7227
 0.7272 0.7317]
y_res:  [ 0.0000e+00 -5.2617e-11 -1.5795e-03 -4.3522e-03 -8.0990e-03 -1.2606e-02
 -1.7654e-02 -2.3022e-02 -3.2128e-02 -3.9403e-02 -4.4206e-02 -4.6237e-02
 -4.5404e-02 -4.1807e-02 -3.5728e-02 -3.4116e-02 -3.2485e-02 -3.0842e-02
 -2.9190e-02 -2.7526e-02 -2.5853e-02 -2.4181e-02]
z_res:  [0.8    0.8    0.8005 0.8015 0.803  0.805  0.8074 0.8101 0.8155 0.8212
 0.8273 0.8337 0.8404 0.8474 0.8545 0.856  0.8575 0.8591 0.8607 0.8623
 0.8639 0.8656]
xdot_res:  [0.     0.0146 0.0276 0.0405 0.0533 0.0659 0.0787 0.0917 0.1152 0.1437
 0.175  0.2074 0.2401 0.2712 0.2973 0.3012 0.3048 0.3082 0.3118 0.3152
 0.3189 0.3225]
ydot_res:  [ 0.     -0.0369 -0.0647 -0.0874 -0.1052 -0.1178 -0.1253 -0.1275 -0.1018
 -0.0672 -0.0284  0.0117  0.0504  0.0851  0.1128  0.1142  0.115   0.1156
  0.1165  0.1171  0.117   0.1175]
zdot_res:  [0.     0.0121 0.0237 0.0348 0.0454 0.0555 0.0652 0.0743 0.0807 0.0854
 0.0899 0.0938 0.0971 0.1002 0.1035 0.1059 0.1082 0.1106 0.1128 0.1151
 0.1178 0.1201]
Lx_res:  [ 0.0000e+00 -2.7787e-12  1.6038e-02  3.4037e-03 -5.3967e-02 -9.1624e-02
 -1.5030e-01 -2.8907e-01 -5.2768e-02  3.5201e-02  7.1155e-02  1.0053e-01
  1.3724e-01  1.9567e-01  2.7576e-01  2.3189e-01  1.9901e-01  1.8954e-01
  1.8142e-01  1.7701e-01  1.7327e-01  1.7596e-01]
Ly_res:  [ 0.0000e+00  1.1773e-13 -1.0232e-02 -5.8636e-03 -8.9060e-03  1.5919e-02
  4.4357e-02  1.3551e-01  1.3420e-01  9.2588e-02  7.1262e-02  6.7562e-02
  3.0493e-02 -6.2904e-02 -2.9834e-01 -2.5947e-01 -2.2059e-01 -1.9726e-01
 -1.8801e-01 -1.7856e-01 -1.6362e-01 -1.5129e-01]
Lz_res:  [ 0.0000e+00  2.1705e-12 -3.2772e-02 -4.2820e-02 -4.6689e-02 -5.7646e-02
 -5.9529e-02 -1.3418e-02  1.2563e-01  9.5792e-02  1.3890e-02 -6.0158e-02
 -1.0837e-01 -1.4499e-01 -1.8437e-01 -1.9968e-01 -2.0752e-01 -2.0735e-01
 -1.9658e-01 -1.8978e-01 -1.8085e-01 -1.7120e-01]
Ldotx_res:  [ 0.      0.3742 -0.2948 -1.3387 -0.8787 -1.369  -3.2381  3.3082  1.2316
  0.5034  0.4113  0.5139  0.818   1.1213 -3.0708 -2.302  -0.6625 -0.5687
 -0.3085 -0.2621  0.1887 -0.7592]
Ldoty_res:  [ 0.     -0.2387  0.1019 -0.071   0.5792  0.6635  2.1269 -0.0183 -0.5826
 -0.2986 -0.0518 -0.519  -1.3075 -3.2961  2.7205  2.7217  1.6335  0.6471
  0.662   1.0454  0.8636  0.7183]
Ldotz_res:  [ 0.     -0.7647 -0.2344 -0.0903 -0.2557 -0.0439  1.0759  1.9467 -0.4178
 -1.1466 -1.0367 -0.6749 -0.5127 -0.5513 -1.0717 -0.5488  0.0116  0.7544
  0.4757  0.6248  0.676   0.892 ]
px_res:  [0.9266]
py_res:  [0.11]
pz_res:  [0.]
Ts_res:  [0.3 0.8 0.9]
FR1x_res:  [  0.6513  -6.2426 -20.263  -21.8663  19.0835  13.8217  12.2445  44.9815
  12.0218  21.2537   9.7829  -2.9627  20.4104  13.5186   2.9813   2.7684
   1.2216   0.941   -1.5628   2.1077   4.6171  25.0615]
FR1y_res:  [ 3.1724e+00 -5.2085e-02 -5.0432e+00  7.4780e+00  4.9510e-01  1.2044e+01
  7.0476e+00 -1.1143e+02 -2.0444e+01  7.2954e+00  2.6596e+01  2.1592e+01
  2.0173e+01 -8.3649e+00 -3.0249e+00 -2.0680e+00 -1.4042e+00  1.1752e+00
 -1.4601e+00  9.9527e+00  4.1199e+00  2.4974e+01]
FR1z_res:  [ 73.1112  70.6505  91.1228  77.7083  88.6596  64.1959  47.9938 399.9991
 399.9992 399.9992 399.9992 399.9992 399.9991 399.9988  11.1169  15.7728
  23.3466  34.0299  36.1971  33.1958  64.6505 274.3275]
Second Level Results:
x_res:  [0.7317 0.7455 0.7597 0.7741 0.7887 0.8036 0.8185 0.8337 0.859  0.8842
 0.9091 0.9339 0.959  0.9844 1.0103 1.0314 1.0527 1.0742 1.0958 1.1175
 1.1393 1.1613 1.1889 1.2164 1.2438 1.2711 1.2986 1.3264 1.3545 1.3774
 1.3997 1.422  1.4442 1.4665 1.4889 1.5116 1.54   1.5684 1.5967 1.6252
 1.654  1.6835 1.7136 1.7383 1.7634 1.7888 1.8147 1.8411 1.8682 1.8959
 1.9456 1.997  2.051  2.1094 2.1746 2.249  2.3334 2.3891 2.4416 2.492
 2.5415 2.5911 2.6424 2.6963]
y_res:  [-0.0242 -0.0191 -0.014  -0.0087 -0.0035  0.0016  0.0065  0.0111  0.0182
  0.0234  0.0262  0.0266  0.0249  0.0212  0.0159  0.0107  0.0051 -0.0006
 -0.0061 -0.0115 -0.0165 -0.021  -0.0256 -0.0286 -0.0299 -0.0293 -0.0271
 -0.0231 -0.0176 -0.0123 -0.007  -0.0016  0.0037  0.009   0.014   0.0186
  0.0235  0.0267  0.0279  0.0269  0.0239  0.0189  0.0122  0.006  -0.0006
 -0.0075 -0.0147 -0.0219 -0.029  -0.036  -0.0477 -0.0566 -0.0627 -0.0655
 -0.064  -0.0579 -0.048  -0.0401 -0.033  -0.0266 -0.0207 -0.0154 -0.0108
 -0.0071]
z_res:  [0.8656 0.8707 0.876  0.8815 0.8871 0.8929 0.8987 0.9047 0.9149 0.925
 0.9351 0.9452 0.9553 0.9653 0.9753 0.9831 0.991  0.9988 1.0065 1.0141
 1.0217 1.0291 1.0382 1.0469 1.0553 1.0633 1.0708 1.0779 1.0846 1.0895
 1.0941 1.0984 1.1025 1.1062 1.1096 1.1127 1.1161 1.1189 1.1209 1.1222
 1.1228 1.1227 1.1217 1.1204 1.1186 1.1163 1.1136 1.1104 1.1067 1.1025
 1.0941 1.0842 1.0725 1.0584 1.0409 1.018  0.987  0.9616 0.9353 0.9071
 0.8757 0.8398 0.7994 0.7524]
xdot_res:  [0.3225 0.33   0.3358 0.3413 0.3465 0.3497 0.3528 0.3553 0.352  0.3484
 0.3479 0.351  0.3561 0.3626 0.3691 0.3727 0.3758 0.3778 0.3802 0.3821
 0.3846 0.3869 0.3848 0.3831 0.3829 0.3848 0.3888 0.3937 0.3999 0.3916
 0.3894 0.3887 0.3904 0.3927 0.3957 0.3988 0.3974 0.3961 0.3983 0.4038
 0.412  0.4218 0.4332 0.4382 0.445  0.4531 0.4625 0.4732 0.485  0.4971
 0.5143 0.5401 0.5836 0.6522 0.7445 0.8437 0.9743 0.9187 0.8819 0.8663
 0.8681 0.8973 0.9447 1.    ]
ydot_res:  [ 0.1175  0.1211  0.1223  0.1216  0.1189  0.1142  0.1075  0.1     0.0721
  0.0395  0.0062 -0.0247 -0.0516 -0.0746 -0.0908 -0.0972 -0.0994 -0.0979
 -0.0942 -0.0873 -0.0777 -0.0652 -0.0421 -0.0174  0.0076  0.0316  0.0551
  0.0771  0.0933  0.0928  0.0942  0.0937  0.0918  0.0874  0.0801  0.0694
  0.0449  0.0164 -0.0135 -0.0427 -0.0701 -0.093  -0.1089 -0.1161 -0.1213
 -0.1246 -0.1262 -0.1253 -0.1223 -0.1166 -0.0895 -0.0609 -0.0273  0.0145
  0.0613  0.0987  0.1391  0.123   0.113   0.1032  0.0925  0.0797  0.0658
  0.0538]
zdot_res:  [ 0.1201  0.1238  0.1275  0.1308  0.1341  0.137   0.1396  0.142   0.1421
  0.1418  0.1414  0.1409  0.1402  0.1391  0.1377  0.1372  0.1364  0.1351
  0.1336  0.1319  0.1298  0.1274  0.1224  0.1171  0.1116  0.1059  0.0996
  0.0929  0.0859  0.0807  0.0757  0.0706  0.0653  0.0597  0.054   0.0479
  0.0386  0.0287  0.0187  0.0084 -0.0022 -0.013  -0.0239 -0.0317 -0.0396
 -0.0476 -0.056  -0.0647 -0.0738 -0.0833 -0.0996 -0.117  -0.1406 -0.1748
 -0.2297 -0.3093 -0.445  -0.4603 -0.4941 -0.5488 -0.628  -0.7072 -0.8237
 -1.    ]
px_res:  [1.2493 1.5762 1.8985 2.2253]
py_res:  [-0.11    0.1233 -0.11    0.1233]
pz_res:  [0. 0. 0. 0.]
Ts_res:  [0.3 0.8 1.2 1.7 2.1 2.6 3.  3.7 4.1]
The  1 Round:
[[10.  -0.5 -0.5 10. ]
 [ 0.5  0.5 -0.5 -0.5]
 [ 0.   0.   0.   0. ]]
[[10.  -0.5 -0.5 10. ]
 [ 0.5  0.5 -0.5 -0.5]
 [ 0.   0.   0.   0. ]]
[[10.  -0.5 -0.5 10. ]
 [ 0.5  0.5 -0.5 -0.5]
 [ 0.   0.   0.   0. ]]
[[10.  -0.5 -0.5 10. ]
 [ 0.5  0.5 -0.5 -0.5]
 [ 0.   0.   0.   0. ]]
[[10.  -0.5 -0.5 10. ]
 [ 0.5  0.5 -0.5 -0.5]
 [ 0.   0.   0.   0. ]]

=======================================
           Academic License
       (NOT FOR COMMERCIAL USE)
         Artelys Knitro 10.3.0
=======================================

Knitro presolve eliminated 437 variables and 22568 constraints.

Knitro changing algorithm from AUTO to 1.
Knitro changing bar_initpt from AUTO to 3.
Knitro changing bar_murule from AUTO to 4.
Knitro changing bar_penaltycons from AUTO to 1.
Knitro changing bar_penaltyrule from AUTO to 2.
Knitro changing bar_switchrule from AUTO to 2.
Knitro changing linesearch from AUTO to 1.
Knitro changing linsolver from AUTO to 5.
Knitro shifted start point to satisfy presolved bounds (605 variables).
Knitro fixing 437 variables eliminated from the presolve.

Problem Characteristics                    ( Presolved)
-----------------------
Objective goal:  Minimize
Number of variables:                        3126 (      2689)
    bounded below only:                        0 (         0)
    bounded above only:                        0 (         0)
    bounded below and above:                3126 (      2689)
    fixed:                                     0 (         0)
    free:                                      0 (         0)
Number of constraints:                     45116 (     22558)
    linear equalities:                       887 (        15)
    nonlinear equalities:                   1239 (      1239)
    linear one-sided inequalities:         42978 (     21304)
    nonlinear one-sided inequalities:          0 (         0)
    linear two-sided inequalities:            12 (         0)
    nonlinear two-sided inequalities:          0 (         0)
Number of nonzeros in Jacobian:           232973 (    109668)
Number of nonzeros in Hessian:             23664 (     17439)

  Iter      Objective      FeasError   OptError    ||Step||    CGits 
--------  --------------  ----------  ----------  ----------  -------
       0    8.168075e+02   1.833e+01
      10    8.632519e+02   6.625e+00   1.319e+02   2.890e+02        0
      20    5.096333e+02   4.726e-01   2.406e+00   3.388e+02        0
      30    4.948094e+02   1.648e-01   4.906e-01   2.270e+01        0
      40    4.928544e+02   5.034e-01   2.690e-01   2.944e+01        0
      50    4.925218e+02   1.009e-02   6.484e-02   1.016e+01        9
      60    4.921704e+02   1.009e-02   5.618e-01   6.736e+01        0
      70    4.919865e+02   1.009e-02   4.866e-02   3.530e+01        0
      80    4.918295e+02   1.009e-02   1.874e-02   1.187e+00        0
      90    4.917899e+02   1.009e-02   9.264e-03   4.684e+01        0
     100    4.917785e+02   1.009e-02   6.851e-02   9.645e+00        0
     110    4.917596e+02   1.009e-02   9.591e-02   7.775e+00        0
     120    4.917419e+02   1.409e-02   1.933e-01   1.527e+01        0
     130    4.917218e+02   1.009e-02   6.480e-03   2.198e+01       12
     140    4.916868e+02   1.009e-02   5.459e-02   4.532e+01        0
     150    4.916473e+02   1.009e-02   1.376e-01   4.859e+01        0
     160    4.916226e+02   1.009e-02   1.393e-02   1.015e+00        0
     170    4.916179e+02   1.009e-02   5.892e-03   5.599e+01        0
     180    4.916094e+02   1.009e-02   7.805e-03   4.425e+01        0
     190    4.916056e+02   1.009e-02   3.423e-03   2.520e+01        0
     200    4.916049e+02   1.009e-02   7.075e-06   1.723e-01        0
     210    4.916044e+02   1.009e-02   3.381e-03   1.565e+01        0
     220    4.916038e+02   1.009e-02   1.959e-03   1.510e+02        0
     230    4.916037e+02   1.009e-02   2.279e-06   2.359e-02        0
     240    4.916037e+02   1.009e-02   2.150e-07   4.039e-01        0
     250    4.916037e+02   1.009e-02   3.053e-10   4.033e-13        0
     260    4.916037e+02   1.009e-02   1.000e-10   1.147e-04        0
     270    4.916037e+02   1.009e-02   1.000e-10   3.562e-04        0
     274    4.916037e+02   1.009e-02   1.000e-10   6.375e-15        0

EXIT: Terminate at infeasible point because the relative change in solution
      estimate < xtol for 3 consecutive iterations.

Final Statistics
----------------
Final objective value               =   4.91603705997147e+02
Final feasibility error (abs / rel) =   1.01e-02 / 5.51e-04
Final optimality error  (abs / rel) =   1.00e-10 / 1.05e-12
# of iterations                     =        274 
# of CG iterations                  =        132 
# of function evaluations           =        341
# of gradient evaluations           =        276
# of Hessian evaluations            =        273
Total program time (secs)           =      15.45592 (    15.454 CPU time)
Time spent in evaluations (secs)    =       0.94780

===============================================================================

      solver  :   t_proc      (avg)   t_wall      (avg)    n_eval
      nlp_fg  | 406.93ms (  1.19ms) 406.71ms (  1.19ms)       342
   nlp_gf_jg  | 401.74ms (  1.46ms) 401.55ms (  1.45ms)       276
    nlp_grad  |   2.72ms (  2.72ms)   2.72ms (  2.72ms)         1
  nlp_hess_l  | 132.72ms (486.16us) 132.52ms (485.43us)       273
       total  |  15.69 s ( 15.69 s)  15.68 s ( 15.68 s)         1
Fail at Round  1
Total Program Time:  15.6914
Accumulated Full Cost is:  0.359
Accumulated Acc Cost is:  0.3323
Accumulated Momentum Cost is:  0.0267
Total Cost is:  859.4173
Terminal Cost is:  859.0583
Terminal X position is:  0.7317
Terminal Y position is:  -0.0242
Terminal Z position is:  0.8656
