==================================================================
A new Round
 
Initial Seed Type:  previous
Chosen Solver:  NLP
Number of LookAhead:  6
Flat Terrain, use the default set up of terrain tangent and norm
The  0 Round:
[[10.  -0.5 -0.5 10. ]
 [ 0.5  0.5 -0.5 -0.5]
 [ 0.   0.   0.   0. ]]
[[10.  -0.5 -0.5 10. ]
 [ 0.5  0.5 -0.5 -0.5]
 [ 0.   0.   0.   0. ]]
[[10.  -0.5 -0.5 10. ]
 [ 0.5  0.5 -0.5 -0.5]
 [ 0.   0.   0.   0. ]]
[[10.  -0.5 -0.5 10. ]
 [ 0.5  0.5 -0.5 -0.5]
 [ 0.   0.   0.   0. ]]
[[10.  -0.5 -0.5 10. ]
 [ 0.5  0.5 -0.5 -0.5]
 [ 0.   0.   0.   0. ]]
[[10.  -0.5 -0.5 10. ]
 [ 0.5  0.5 -0.5 -0.5]
 [ 0.   0.   0.   0. ]]

=======================================
           Academic License
       (NOT FOR COMMERCIAL USE)
         Artelys Knitro 10.3.0
=======================================

Knitro presolve eliminated 522 variables and 26443 constraints.

Knitro changing algorithm from AUTO to 1.
Knitro changing bar_initpt from AUTO to 3.
Knitro changing bar_murule from AUTO to 4.
Knitro changing bar_penaltycons from AUTO to 1.
Knitro changing bar_penaltyrule from AUTO to 2.
Knitro changing bar_switchrule from AUTO to 2.
Knitro changing linesearch from AUTO to 1.
Knitro changing linsolver from AUTO to 5.
Knitro shifted start point to satisfy presolved bounds (862 variables).
Knitro fixing 522 variables eliminated from the presolve.

Problem Characteristics                    ( Presolved)
-----------------------
Objective goal:  Minimize
Number of variables:                        3635 (      3113)
    bounded below only:                        0 (         0)
    bounded above only:                        0 (         0)
    bounded below and above:                3635 (      3113)
    fixed:                                     0 (         0)
    free:                                      0 (         0)
Number of constraints:                     52456 (     26025)
    linear equalities:                      1059 (        15)
    nonlinear equalities:                   1449 (      1449)
    linear one-sided inequalities:         49934 (     24561)
    nonlinear one-sided inequalities:          0 (         0)
    linear two-sided inequalities:            14 (         0)
    nonlinear two-sided inequalities:          0 (         0)
Number of nonzeros in Jacobian:           275003 (    127923)
Number of nonzeros in Hessian:             27918 (     20359)

  Iter      Objective      FeasError   OptError    ||Step||    CGits 
--------  --------------  ----------  ----------  ----------  -------
       0    1.282297e+04   1.395e+04
      10    1.089790e+04   1.358e+04   1.013e+01   9.218e+01        0
      20    1.017814e+04   1.319e+04   6.905e+01   1.594e+02        0
      30    9.783652e+03   1.290e+04   5.734e+02   1.775e+02        0
      40    9.729017e+03   1.273e+04   1.154e+03   4.643e+01        0
      50    9.679745e+03   1.260e+04   3.594e+02   7.302e+01        0
      60    9.753503e+03   1.248e+04   7.129e+03   6.748e+01        0
      70    9.750117e+03   1.241e+04   8.653e+03   1.301e+02        0
      80    1.017646e+04   3.081e+03   7.945e+04   9.731e+01        0
      90    1.753765e+04   2.205e+03   2.436e+03   1.092e+02        0
     100    1.316938e+04   7.645e+02   8.016e+01   4.997e+03        0
     110    1.823065e+03   1.176e+02   6.127e+01   6.985e+01        0
     120    6.986968e+02   4.127e+01   1.604e+01   9.842e+01        0
     130    7.398593e+02   6.166e-01   6.766e+00   4.107e+00        0
     140    7.369360e+02   5.874e-01   6.779e+00   4.654e-02        0
     150    7.553130e+02   5.864e-01   6.773e+00   4.492e-01        0
     160    8.587474e+02   5.012e-01   6.714e+00   8.873e-01        0
     170    9.243783e+02   4.907e-01   5.878e+00   2.354e-01        0
     180    9.142095e+02   4.914e-01   5.712e+00   5.619e-01        0
     190    8.598301e+02   4.247e-01   4.983e+00   1.169e+00        0
     200    8.641288e+02   4.255e-01   6.201e+00   1.047e+01        0
     210    8.370972e+02   4.257e-01   5.152e+00   1.561e+00        1
     220    8.276840e+02   4.184e-01   5.002e+00   6.778e-01        0
     230    8.233959e+02   4.175e-01   5.012e+00   6.129e-01        0
     240    8.239624e+02   3.920e-01   5.094e+00   6.795e+00        0
     250    8.382327e+02   3.937e-01   5.328e+00   1.417e+02        0
     260    8.700026e+02   2.571e-01   6.097e+00   1.659e+01        0
     270    8.734690e+02   1.552e-01   6.127e+00   4.574e+00        0
     280    9.029065e+02   1.390e-01   6.226e+00   3.910e+01        0
     290    9.525605e+02   1.070e-01   6.388e+00   1.337e+01        0
     300    1.011063e+03   8.492e-02   6.615e+00   1.898e+00        0
     310    1.033678e+03   6.904e-02   6.649e+00   7.413e+01        0
     320    1.059203e+03   3.723e-02   5.582e+00   1.650e+01        0
     330    1.069311e+03   1.945e-02   5.786e+00   3.134e+01        0
     340    6.404127e+02   2.472e-01   5.284e-01   9.972e+00        0
     350    5.831596e+02   1.511e-01   6.592e-02   7.640e+01        0
     360    5.418718e+02   8.264e-04   1.179e-01   6.996e+00        3
     370    5.336287e+02   3.380e-02   4.723e-02   1.707e+01        0
     380    5.291935e+02   1.419e-01   5.055e-02   2.016e+00        0
     390    5.223637e+02   1.106e-02   1.365e-01   2.438e+01        0
     400    5.134614e+02   4.282e-02   3.537e-02   1.663e+01        0
     410    5.034370e+02   1.495e-04   6.317e-04   1.116e+01        6
     420    5.011335e+02   4.495e-04   2.251e-03   1.032e+01        0
     430    4.986178e+02   5.441e-03   9.475e-02   2.855e+02        0
     440    4.970123e+02   3.617e-03   2.613e-02   2.433e+02        0
     450    4.964440e+02   1.122e-03   3.276e-03   6.657e+00        0
     460    4.959287e+02   3.790e-03   1.214e-02   3.903e+00        0
     470    4.947438e+02   2.040e-03   6.977e-03   6.705e+00        0
     480    4.937578e+02   2.067e-02   3.228e-03   2.801e+01        0
     490    4.930869e+02   7.381e-02   3.743e-03   2.602e+01        0
     500    4.927589e+02   3.646e-02   1.320e-03   8.165e+00        0
     510    4.925855e+02   7.366e-02   1.085e-03   4.829e+00        0
     520    4.924524e+02   8.246e-02   1.644e-03   1.614e+01        0
     530    4.923392e+02   1.073e-01   5.432e-03   3.251e+01        0
     540    4.922172e+02   3.177e-02   2.183e-04   1.959e+01        0
     550    4.921562e+02   4.438e-02   1.777e-04   1.754e+01        0
     560    4.921151e+02   2.281e-02   3.941e-04   4.722e+01        0
     570    4.920848e+02   9.488e-03   5.666e-03   2.390e+01        0
     580    4.920692e+02   9.615e-03   7.111e-03   5.573e+00        0
     590    4.920525e+02   6.778e-03   3.314e-03   6.071e+00        0
     600    4.920360e+02   3.693e-03   7.333e-04   3.788e+01        0
     609    4.919893e+02   1.698e-07   1.502e-06   4.149e-02        0

EXIT: Locally optimal solution found.

Final Statistics
----------------
Final objective value               =   4.91989301907753e+02
Final feasibility error (abs / rel) =   1.70e-07 / 1.22e-11
Final optimality error  (abs / rel) =   1.50e-06 / 7.13e-07
# of iterations                     =        609 
# of CG iterations                  =        127 
# of function evaluations           =        897
# of gradient evaluations           =        611
# of Hessian evaluations            =        610
Total program time (secs)           =      40.12665 (    40.118 CPU time)
Time spent in evaluations (secs)    =       2.70723

===============================================================================

      solver  :   t_proc      (avg)   t_wall      (avg)    n_eval
      nlp_fg  |   1.26 s (  1.41ms)   1.26 s (  1.40ms)       898
   nlp_gf_jg  |   1.06 s (  1.74ms)   1.06 s (  1.74ms)       611
    nlp_grad  |   3.75ms (  3.75ms)   3.78ms (  3.78ms)         1
  nlp_hess_l  | 357.33ms (585.79us) 356.93ms (585.12us)       610
       total  |  40.50 s ( 40.50 s)  40.35 s ( 40.35 s)         1
Round  0 True
Full Cost Value:  0.3068019041032986
Acceleration:  0.2454509716394524
Momentum:  0.06135093246384614
Total Program Time:  40.5014
First Level NLP Results:
x_res:  [0.6    0.6    0.6005 0.6015 0.6029 0.6049 0.6074 0.6104 0.6164 0.6241
 0.6337 0.6453 0.6589 0.6747 0.6927 0.6967 0.7008 0.705  0.7091 0.7134
 0.7177 0.722 ]
y_res:  [ 0.0000e+00  9.4539e-13 -1.0274e-03 -2.9707e-03 -5.6922e-03 -9.0520e-03
 -1.2900e-02 -1.7091e-02 -2.4454e-02 -3.0226e-02 -3.3952e-02 -3.5162e-02
 -3.3663e-02 -2.9531e-02 -2.3151e-02 -2.1564e-02 -1.9954e-02 -1.8325e-02
 -1.6680e-02 -1.5023e-02 -1.3355e-02 -1.1679e-02]
z_res:  [0.8    0.8    0.8004 0.8013 0.8025 0.8041 0.806  0.8083 0.8127 0.8174
 0.8225 0.8279 0.8335 0.8393 0.8452 0.8465 0.8477 0.849  0.8503 0.8516
 0.853  0.8543]
xdot_res:  [0.     0.0113 0.0226 0.0341 0.0459 0.0582 0.0709 0.0842 0.1079 0.1342
 0.1618 0.1909 0.2213 0.2521 0.2815 0.2855 0.2894 0.2931 0.2968 0.3004
 0.3039 0.3073]
ydot_res:  [ 0.     -0.024  -0.0453 -0.0635 -0.0784 -0.0898 -0.0978 -0.1031 -0.0808
 -0.0522 -0.0169  0.021   0.0578  0.0893  0.1111  0.1127  0.114   0.1151
  0.116   0.1168  0.1173  0.1177]
zdot_res:  [0.     0.0099 0.0194 0.0285 0.0372 0.0455 0.0534 0.0608 0.0668 0.0717
 0.0753 0.0781 0.0807 0.0834 0.0869 0.0884 0.0898 0.0911 0.0925 0.0937
 0.095  0.0962]
Lx_res:  [ 0.0000e+00  3.1143e-13 -2.3374e-02 -3.2497e-02 -7.1624e-02 -1.4085e-01
 -2.9080e-01 -4.4079e-01 -1.9081e-01 -1.0018e-01 -2.8619e-02  4.4399e-02
  1.4233e-01  2.4835e-01  3.3020e-01  2.8759e-01  2.6020e-01  2.4326e-01
  2.3578e-01  2.3742e-01  2.4702e-01  2.6192e-01]
Ly_res:  [ 0.0000e+00  1.1686e-14 -7.1698e-03  2.5727e-04  1.6651e-02  1.7790e-02
  3.1589e-02  4.4111e-02  4.4987e-02  3.8937e-02  5.1409e-02  6.3089e-02
  5.4197e-02 -4.4376e-02 -2.9433e-01 -2.8717e-01 -2.6546e-01 -2.3096e-01
 -1.8792e-01 -1.3889e-01 -8.9920e-02 -4.5918e-02]
Lz_res:  [ 0.0000e+00 -3.8140e-13  2.8101e-02  1.5328e-02  2.9358e-02  6.4093e-02
  1.1460e-01  1.8636e-01  2.8546e-01  2.2261e-01  7.3006e-02 -2.9299e-02
 -9.4984e-02 -1.3425e-01 -2.0187e-01 -2.4211e-01 -2.6511e-01 -2.7202e-01
 -2.6571e-01 -2.4899e-01 -2.2407e-01 -1.9409e-01]
Ldotx_res:  [ 0.     -0.5454 -0.2129 -0.913  -1.6152 -3.499  -3.4998  3.4998  1.2687
  1.0019  1.0223  1.371   1.4843  1.146  -2.983  -1.9171 -1.1858 -0.5234
  0.1145  0.6719  1.0431 -3.0667]
Ldoty_res:  [ 0.     -0.1673  0.1733  0.3825  0.0266  0.322   0.2922  0.0123 -0.0847
  0.1746  0.1635 -0.1245 -1.38   -3.4994  0.5015  1.5194  2.4152  3.0132
  3.4316  3.4281  3.0802  2.2567]
Ldotz_res:  [ 0.      0.6557 -0.298   0.3274  0.8105  1.1786  1.6743  1.3874 -0.8798
 -2.0945 -1.4323 -0.9196 -0.5497 -0.9467 -2.8172 -1.6097 -0.4839  0.4419
  1.1702  1.7448  2.0986  2.2031]
px_res:  [0.9266]
py_res:  [0.11]
pz_res:  [0.]
Ts_res:  [0.3 0.8 0.9]
FR1x_res:  [ -9.9559  -6.4402 -11.0228  -8.6492  -5.8516  -2.5762  -7.9316  45.1595
  28.69    21.5633  22.0031  22.3619  29.072   57.2832   0.2258   0.4007
   0.4714   0.3855  -0.2844  -1.4756  -2.0239  -0.2007]
FR1y_res:  [ 7.1375e-01  1.2436e+01 -1.0377e+01 -7.6131e+00 -5.0459e+00 -2.1628e+00
 -7.3825e+00 -1.1507e+02 -8.1309e+01  5.0023e+01  5.6001e+01  5.1351e+01
  1.9943e+01 -6.0393e+01 -2.2110e-01 -3.7957e-01 -1.7020e-01  4.1930e-01
  1.6672e+00  3.1402e+00  3.4788e+00  6.1360e-02]
FR1z_res:  [ 85.4049  58.1281  45.713   37.069   26.579   13.4132  27.9758 399.995
 399.9955 399.9958 399.9959 399.9958 399.9952 399.9936   0.9688   1.7026
   2.331    4.3263   9.6916  18.528   27.678  333.2853]
Second Level Results:
x_res:  [0.722  0.7352 0.7488 0.7627 0.777  0.7916 0.8066 0.8219 0.8479 0.874
 0.9    0.9259 0.9519 0.978  1.0044 1.0257 1.0471 1.0685 1.09   1.1116
 1.1332 1.1549 1.182  1.2089 1.2353 1.2616 1.288  1.3146 1.3416 1.3635
 1.3854 1.4074 1.4293 1.4514 1.4735 1.4957 1.5236 1.5511 1.5782 1.6051
 1.6321 1.6595 1.6873 1.7082 1.7294 1.7507 1.7723 1.7942 1.8163 1.8387
 1.8695 1.9006 1.9323 1.9648 1.9986 2.034  2.0711 2.102  2.1334 2.1652
 2.1975 2.2303 2.2636 2.2976 2.3412 2.3869 2.4353 2.487  2.5421 2.6003
 2.663  2.7181 2.7701 2.8201 2.8692 2.9186 2.97   3.0242]
y_res:  [-1.1679e-02 -6.6322e-03 -1.5765e-03  3.4114e-03  8.2731e-03  1.2958e-02
  1.7420e-02  2.1606e-02  2.8000e-02  3.2530e-02  3.4942e-02  3.5305e-02
  3.3852e-02  3.0882e-02  2.6719e-02  2.2714e-02  1.8386e-02  1.3841e-02
  9.1778e-03  4.4849e-03 -1.4463e-04 -4.6012e-03 -9.7919e-03 -1.3746e-02
 -1.6190e-02 -1.6942e-02 -1.5911e-02 -1.3145e-02 -8.8454e-03 -4.5228e-03
  3.6417e-05  4.6962e-03  9.3574e-03  1.3922e-02  1.8297e-02  2.2387e-02
  2.6977e-02  3.0058e-02  3.1327e-02  3.0760e-02  2.8474e-02  2.4683e-02
  1.9709e-02  1.5454e-02  1.1035e-02  6.5620e-03  2.1253e-03 -2.1939e-03
 -6.3150e-03 -1.0150e-02 -1.4811e-02 -1.8051e-02 -1.9541e-02 -1.9057e-02
 -1.6474e-02 -1.1804e-02 -5.2999e-03  9.2003e-04  7.0102e-03  1.2746e-02
  1.7916e-02  2.2335e-02  2.5847e-02  2.8284e-02  2.9710e-02  2.8483e-02
  2.4643e-02  1.8595e-02  1.0964e-02  2.5589e-03 -5.5512e-03 -1.2723e-02
 -1.7041e-02 -1.8473e-02 -1.7146e-02 -1.3052e-02 -6.1246e-03  3.0803e-03]
z_res:  [0.8543 0.8585 0.8627 0.8671 0.8717 0.8763 0.8811 0.886  0.8943 0.9027
 0.9112 0.9197 0.9282 0.9368 0.9454 0.9523 0.9592 0.9661 0.9731 0.98
 0.9869 0.9937 1.0022 1.0106 1.0186 1.0264 1.0338 1.0409 1.0477 1.0528
 1.0578 1.0626 1.0673 1.0718 1.0761 1.0802 1.0851 1.0895 1.0935 1.097
 1.1    1.1025 1.1045 1.1057 1.1067 1.1074 1.108  1.1083 1.1084 1.1083
 1.1079 1.107  1.1055 1.1034 1.1007 1.0974 1.0935 1.0898 1.0859 1.0818
 1.0774 1.0728 1.068  1.0628 1.056  1.0486 1.04   1.0297 1.0171 1.0014
 0.9806 0.9583 0.9351 0.9098 0.8806 0.847  0.809  0.7635]
xdot_res:  [0.3073 0.3164 0.3252 0.3337 0.3418 0.3494 0.3566 0.3635 0.3654 0.3645
 0.3632 0.3632 0.3656 0.3692 0.3728 0.374  0.3753 0.3765 0.3775 0.3784
 0.3793 0.3803 0.3753 0.3707 0.3682 0.3689 0.3721 0.3781 0.3837 0.3838
 0.384  0.3848 0.3858 0.3869 0.3884 0.39   0.3851 0.3797 0.377  0.3784
 0.3826 0.3894 0.3966 0.4    0.404  0.4084 0.4132 0.4185 0.4243 0.4306
 0.4356 0.4436 0.4556 0.4729 0.4953 0.5197 0.5414 0.5486 0.5565 0.5649
 0.5738 0.5836 0.5953 0.6105 0.6398 0.6775 0.7228 0.7714 0.8157 0.8777
 0.964  0.91   0.8758 0.8593 0.8642 0.8986 0.949  1.    ]
ydot_res:  [ 0.1177  0.118   0.1164  0.1134  0.1093  0.1041  0.0977  0.0895  0.0634
  0.0338  0.0051 -0.0203 -0.0416 -0.0583 -0.0701 -0.0757 -0.0795 -0.0816
 -0.0821 -0.081  -0.078  -0.0727 -0.0554 -0.0342 -0.0105  0.0144  0.0387
  0.0602  0.0756  0.0798  0.0815  0.0816  0.0799  0.0765  0.0716  0.0643
  0.0431  0.0178 -0.0079 -0.032  -0.0531 -0.0696 -0.0805 -0.0836 -0.0846
 -0.0839 -0.0817 -0.078  -0.0725 -0.0653 -0.0454 -0.0209  0.0068  0.0362
  0.0654  0.0911  0.1088  0.1066  0.1004  0.0905  0.0773  0.0615  0.0426
  0.02   -0.0172 -0.0538 -0.0847 -0.1068 -0.1177 -0.1135 -0.1255 -0.0756
 -0.0251  0.0232  0.0716  0.1212  0.1611  0.1932]
zdot_res:  [ 0.0962  0.0996  0.1029  0.106   0.1088  0.1115  0.114   0.1163  0.1176
  0.1183  0.119   0.1198  0.1201  0.1202  0.1206  0.1211  0.1213  0.1213
  0.1211  0.1207  0.12    0.1191  0.1163  0.1129  0.1089  0.1042  0.0992
  0.0945  0.09    0.0873  0.0845  0.0815  0.0785  0.0753  0.0719  0.0684
  0.0622  0.0558  0.049   0.0419  0.035   0.0284  0.0223  0.0184  0.0145
  0.0104  0.0064  0.0022 -0.002  -0.0062 -0.0131 -0.021  -0.0294 -0.0376
 -0.0461 -0.055  -0.0637 -0.0679 -0.0721 -0.0764 -0.0808 -0.0851 -0.0898
 -0.0955 -0.104  -0.1201 -0.1435 -0.1764 -0.2207 -0.291  -0.3899 -0.4064
 -0.4431 -0.5097 -0.5889 -0.6647 -0.7961 -1.    ]
px_res:  [1.2493 1.5762 1.8982 2.225  2.5477]
py_res:  [-0.11    0.1233 -0.1233  0.11   -0.11  ]
pz_res:  [0. 0. 0. 0. 0.]
Ts_res:  [0.3    0.8    1.2    1.7    2.1    2.6    2.9701 3.4701 3.8701 4.3701
 4.7701]
The  1 Round:
[[10.  -0.5 -0.5 10. ]
 [ 0.5  0.5 -0.5 -0.5]
 [ 0.   0.   0.   0. ]]
[[10.  -0.5 -0.5 10. ]
 [ 0.5  0.5 -0.5 -0.5]
 [ 0.   0.   0.   0. ]]
[[10.  -0.5 -0.5 10. ]
 [ 0.5  0.5 -0.5 -0.5]
 [ 0.   0.   0.   0. ]]
[[10.  -0.5 -0.5 10. ]
 [ 0.5  0.5 -0.5 -0.5]
 [ 0.   0.   0.   0. ]]
[[10.  -0.5 -0.5 10. ]
 [ 0.5  0.5 -0.5 -0.5]
 [ 0.   0.   0.   0. ]]
[[10.  -0.5 -0.5 10. ]
 [ 0.5  0.5 -0.5 -0.5]
 [ 0.   0.   0.   0. ]]

=======================================
           Academic License
       (NOT FOR COMMERCIAL USE)
         Artelys Knitro 10.3.0
=======================================

Knitro presolve eliminated 522 variables and 26344 constraints.

Knitro changing algorithm from AUTO to 1.
Knitro changing bar_initpt from AUTO to 3.
Knitro changing bar_murule from AUTO to 4.
Knitro changing bar_penaltycons from AUTO to 1.
Knitro changing bar_penaltyrule from AUTO to 2.
Knitro changing bar_switchrule from AUTO to 2.
Knitro changing linesearch from AUTO to 1.
Knitro changing linsolver from AUTO to 5.
Knitro shifted start point to satisfy presolved bounds (713 variables).
Knitro fixing 522 variables eliminated from the presolve.

Problem Characteristics                    ( Presolved)
-----------------------
Objective goal:  Minimize
Number of variables:                        3635 (      3113)
    bounded below only:                        0 (         0)
    bounded above only:                        0 (         0)
    bounded below and above:                3635 (      3113)
    fixed:                                     0 (         0)
    free:                                      0 (         0)
Number of constraints:                     52456 (     26124)
    linear equalities:                      1059 (        15)
    nonlinear equalities:                   1449 (      1449)
    linear one-sided inequalities:         49934 (     24660)
    nonlinear one-sided inequalities:          0 (         0)
    linear two-sided inequalities:            14 (         0)
    nonlinear two-sided inequalities:          0 (         0)
Number of nonzeros in Jacobian:           275003 (    128075)
Number of nonzeros in Hessian:             27918 (     20359)

  Iter      Objective      FeasError   OptError    ||Step||    CGits 
--------  --------------  ----------  ----------  ----------  -------
       0    7.984512e+02   1.803e+01
      10    8.866734e+02   8.589e+00   1.443e+02   1.554e+02        0
      20    4.762583e+02   6.177e-01   5.775e+00   4.960e+02        0
      30    4.509846e+02   7.456e-01   8.041e-01   9.253e+01        0
      40    4.485750e+02   5.826e-01   2.081e-02   4.262e+01        0
      50    4.482652e+02   8.546e-02   3.998e-02   5.137e+01        0
      60    4.482318e+02   2.210e-02   1.427e-02   3.753e+01        0
      70    4.482236e+02   1.009e-02   1.773e-02   2.842e+01        0
      80    4.482212e+02   1.009e-02   1.676e-01   5.753e-01        0
      90    4.482146e+02   1.009e-02   1.255e-01   1.486e+00        0
     100    4.482086e+02   1.009e-02   1.999e-02   1.271e+01        0
     110    4.482042e+02   1.009e-02   3.912e-02   7.753e-01        0
     120    4.481976e+02   1.331e-02   1.075e-01   4.390e-02        0
     130    4.481900e+02   1.172e-02   1.128e-01   1.269e+02        0
     140    4.481835e+02   1.009e-02   1.088e-01   1.873e+02        0
     150    4.481796e+02   1.009e-02   5.695e-02   9.163e+01        0
     160    4.481771e+02   1.009e-02   1.155e-03   7.249e+01        0
     170    4.481771e+02   1.009e-02   3.503e-08   1.034e-02        0
     180    4.481771e+02   1.009e-02   1.248e-10   6.011e-01        0
     190    4.481771e+02   1.009e-02   1.000e-10   9.541e-05        0
     200    4.481771e+02   1.009e-02   1.000e-10   3.388e-06        0
     210    4.481771e+02   1.009e-02   1.000e-10   1.329e-13        0

EXIT: Current infeasible solution estimate cannot be improved. Problem may
      be locally infeasible. If problem is believed to be feasible, try
      multistart to search for feasible points.

Final Statistics
----------------
Final objective value               =   4.48177081609912e+02
Final feasibility error (abs / rel) =   1.01e-02 / 5.60e-04
Final optimality error  (abs / rel) =   1.00e-10 / 1.05e-12
# of iterations                     =        216 
# of CG iterations                  =          0 
# of function evaluations           =        266
# of gradient evaluations           =        218
# of Hessian evaluations            =        217
Total program time (secs)           =      12.74770 (    12.738 CPU time)
Time spent in evaluations (secs)    =       0.90062

===============================================================================

      solver  :   t_proc      (avg)   t_wall      (avg)    n_eval
      nlp_fg  | 377.88ms (  1.42ms) 377.88ms (  1.42ms)       267
   nlp_gf_jg  | 385.62ms (  1.77ms) 385.66ms (  1.77ms)       218
    nlp_grad  |   3.13ms (  3.13ms)   3.13ms (  3.13ms)         1
  nlp_hess_l  | 131.29ms (605.00us) 131.12ms (604.25us)       217
       total  |  12.92 s ( 12.92 s)  12.96 s ( 12.96 s)         1
Fail at Round  1
Total Program Time:  12.9169
Accumulated Full Cost is:  0.3068
Accumulated Acc Cost is:  0.2455
Accumulated Momentum Cost is:  0.0614
Total Cost is:  861.1464
Terminal Cost is:  860.8396
Terminal X position is:  0.722
Terminal Y position is:  -0.0117
Terminal Z position is:  0.8543
