==================================================================
A new Round
 
Initial Seed Type:  previous
Chosen Solver:  NLP
Number of LookAhead:  7
Flat Terrain, use the default set up of terrain tangent and norm
The  0 Round:
[[10.  -0.5 -0.5 10. ]
 [ 0.5  0.5 -0.5 -0.5]
 [ 0.   0.   0.   0. ]]
[[10.  -0.5 -0.5 10. ]
 [ 0.5  0.5 -0.5 -0.5]
 [ 0.   0.   0.   0. ]]
[[10.  -0.5 -0.5 10. ]
 [ 0.5  0.5 -0.5 -0.5]
 [ 0.   0.   0.   0. ]]
[[10.  -0.5 -0.5 10. ]
 [ 0.5  0.5 -0.5 -0.5]
 [ 0.   0.   0.   0. ]]
[[10.  -0.5 -0.5 10. ]
 [ 0.5  0.5 -0.5 -0.5]
 [ 0.   0.   0.   0. ]]
[[10.  -0.5 -0.5 10. ]
 [ 0.5  0.5 -0.5 -0.5]
 [ 0.   0.   0.   0. ]]
[[10.  -0.5 -0.5 10. ]
 [ 0.5  0.5 -0.5 -0.5]
 [ 0.   0.   0.   0. ]]

=======================================
           Academic License
       (NOT FOR COMMERCIAL USE)
         Artelys Knitro 10.3.0
=======================================

Knitro presolve eliminated 607 variables and 30219 constraints.

Knitro changing algorithm from AUTO to 1.
Knitro changing bar_initpt from AUTO to 3.
Knitro changing bar_murule from AUTO to 4.
Knitro changing bar_penaltycons from AUTO to 1.
Knitro changing bar_penaltyrule from AUTO to 2.
Knitro changing bar_switchrule from AUTO to 2.
Knitro changing linesearch from AUTO to 1.
Knitro changing linsolver from AUTO to 5.
Knitro shifted start point to satisfy presolved bounds (988 variables).
Knitro fixing 607 variables eliminated from the presolve.

Problem Characteristics                    ( Presolved)
-----------------------
Objective goal:  Minimize
Number of variables:                        4144 (      3537)
    bounded below only:                        0 (         0)
    bounded above only:                        0 (         0)
    bounded below and above:                4144 (      3537)
    fixed:                                     0 (         0)
    free:                                      0 (         0)
Number of constraints:                     59796 (     29591)
    linear equalities:                      1231 (        15)
    nonlinear equalities:                   1659 (      1659)
    linear one-sided inequalities:         56890 (     27917)
    nonlinear one-sided inequalities:          0 (         0)
    linear two-sided inequalities:            16 (         0)
    nonlinear two-sided inequalities:          0 (         0)
Number of nonzeros in Jacobian:           317033 (    146330)
Number of nonzeros in Hessian:             32172 (     23279)

  Iter      Objective      FeasError   OptError    ||Step||    CGits 
--------  --------------  ----------  ----------  ----------  -------
       0    6.465775e+03   1.891e+04
      10    6.723611e+03   1.392e+04   1.808e+03   1.041e+01        0
      20    6.457150e+03   1.146e+04   1.084e+03   3.415e+01        0
      30    6.662202e+03   1.142e+04   3.947e+03   4.799e+01        0
      40    6.728542e+03   1.140e+04   4.686e+03   1.244e+02        0
      50    6.918781e+03   1.138e+04   5.172e+03   1.518e+01        0
      60    6.907161e+03   1.137e+04   6.041e+03   5.005e+00        0
      70    6.914410e+03   1.136e+04   6.803e+03   7.098e-01        0
      80    6.946333e+03   1.134e+04   9.298e+03   2.735e+01        0
      90    6.959172e+03   1.133e+04   8.622e+03   3.560e+01        0
     100    6.947892e+03   1.130e+04   1.041e+04   9.980e+01        0
     110    6.945077e+03   1.129e+04   7.239e+03   4.840e+01        0
     120    6.927655e+03   1.127e+04   1.144e+04   2.355e+01        0
     130    6.876984e+03   1.123e+04   1.911e+04   6.166e+01        0
     140    6.851355e+03   1.121e+04   3.830e+04   1.040e+02        0
     150    6.821016e+03   1.119e+04   2.150e+04   6.499e+01        0
     160    6.814060e+03   1.117e+04   4.893e+04   3.366e+01        0
     170    6.669329e+03   1.055e+04   1.140e+03   4.821e+01        0
     180    6.805583e+03   1.047e+04   1.140e+03   6.863e+01        0
     190    6.833299e+03   1.040e+04   1.142e+03   3.732e+01        0
     200    6.535027e+03   9.813e+03   9.076e+03   1.442e+02        0
     210    6.666989e+03   9.763e+03   9.036e+03   1.891e+02        0
     220    7.658205e+03   8.701e+03   4.222e+03   1.879e+02        0
     230    8.196950e+03   5.663e+03   2.726e+02   2.645e+02        0
     240    7.997038e+03   1.579e+03   1.112e+02   7.138e+02        0
     250    9.250232e+02   1.808e+01   8.040e+00   1.584e+02        0
     260    8.475273e+02   3.047e+00   8.057e+00   8.742e+01        0
     270    8.243781e+02   4.973e-01   9.856e+00   6.615e-01        0
     280    8.465729e+02   5.003e-01   8.525e+00   9.242e-01        0
     290    8.433442e+02   4.784e-01   7.335e+00   1.725e+00        1
     300    8.224122e+02   4.251e-01   7.422e+00   5.564e+01        0
     310    8.055332e+02   3.915e-01   7.471e+00   2.148e+00        0
     320    8.163103e+02   3.925e-01   7.500e+00   6.218e+00        0
     330    8.270124e+02   3.927e-01   7.550e+00   2.695e+01        0
     340    8.202132e+02   3.928e-01   7.649e+00   1.714e+00        0
     350    8.405397e+02   3.919e-01   8.026e+00   2.098e+01        0
     360    8.914713e+02   2.112e-01   8.968e+00   5.312e+01        0
     370    9.023258e+02   1.805e-01   9.070e+00   2.443e+01        0
     380    9.796091e+02   2.897e-01   9.626e+00   2.428e+00        0
     390    1.063229e+03   8.071e-02   9.748e+00   4.343e+01        0
     400    1.091333e+03   8.292e-02   7.982e+00   3.801e+01        0
     410    1.052227e+03   1.202e-02   2.100e+01   6.196e+01        0
     420    5.303769e+02   1.996e-01   2.658e-01   2.042e+02        0
     430    4.896800e+02   1.727e-01   8.205e-02   1.020e+01        0
     440    4.803471e+02   2.324e-02   2.029e-01   5.265e+01        0
     450    4.575873e+02   1.290e-02   2.666e-01   1.907e+02        0
     460    4.523652e+02   7.698e-02   9.328e-02   6.092e+01        0
     470    4.512012e+02   2.370e-03   4.832e-02   4.131e+00        2
     480    4.509492e+02   4.351e-04   2.064e-02   6.358e+00        0
     490    4.503412e+02   4.243e-01   5.423e-02   1.622e+01        0
     500    4.499878e+02   1.131e-01   1.603e-02   5.927e+00        0
     510    4.496823e+02   2.333e-02   9.529e-03   3.767e+00        0
     520    4.494054e+02   1.455e-01   2.068e-02   2.901e-01        0
     530    4.490255e+02   7.338e-02   9.631e-03   2.487e+02        0
     540    4.487603e+02   4.744e-02   4.531e-03   1.578e+02        0
     550    4.486243e+02   1.716e-02   1.991e-03   5.240e+01        0
     560    4.485707e+02   3.903e-03   6.353e-04   8.132e+01        0
     570    4.485562e+02   3.413e-03   1.862e-03   2.350e+01        0
     580    4.485442e+02   8.190e-03   5.151e-03   3.314e+01        0
     590    4.485346e+02   9.627e-03   3.490e-03   2.609e+01        0
     600    4.485202e+02   2.882e-03   6.611e-04   2.141e+01        0
     610    4.485042e+02   1.743e-03   1.842e-03   1.375e+02        0
     620    4.484979e+02   4.303e-04   3.088e-04   3.942e+01        0
     630    4.484974e+02   1.362e-05   1.214e-05   2.727e+01        0
     631    4.484974e+02   2.353e-06   2.101e-06   3.037e+01        0

EXIT: Locally optimal solution found.

Final Statistics
----------------
Final objective value               =   4.48497359705926e+02
Final feasibility error (abs / rel) =   2.35e-06 / 1.24e-10
Final optimality error  (abs / rel) =   2.10e-06 / 7.19e-07
# of iterations                     =        631 
# of CG iterations                  =        150 
# of function evaluations           =        804
# of gradient evaluations           =        633
# of Hessian evaluations            =        632
Total program time (secs)           =      43.78352 (    43.775 CPU time)
Time spent in evaluations (secs)    =       2.99595

===============================================================================

      solver  :   t_proc      (avg)   t_wall      (avg)    n_eval
      nlp_fg  |   1.28 s (  1.59ms)   1.28 s (  1.59ms)       805
   nlp_gf_jg  |   1.27 s (  2.01ms)   1.27 s (  2.01ms)       633
    nlp_grad  |   3.46ms (  3.46ms)   3.46ms (  3.46ms)         1
  nlp_hess_l  | 425.38ms (673.08us) 424.83ms (672.20us)       632
       total  |  44.27 s ( 44.27 s)  43.99 s ( 43.99 s)         1
Round  0 True
Full Cost Value:  0.3136639593734908
Acceleration:  0.2510540960520523
Momentum:  0.06260986332143836
Total Program Time:  44.267
First Level NLP Results:
x_res:  [0.6    0.6    0.6005 0.6016 0.6033 0.6055 0.6083 0.6117 0.6184 0.6268
 0.6373 0.6498 0.6645 0.6814 0.7005 0.7047 0.7089 0.7133 0.7176 0.7221
 0.7265 0.731 ]
y_res:  [ 0.0000e+00  4.3128e-15 -1.0442e-03 -3.0020e-03 -5.7427e-03 -9.1356e-03
 -1.3049e-02 -1.7352e-02 -2.4957e-02 -3.1133e-02 -3.5359e-02 -3.7150e-02
 -3.6312e-02 -3.2913e-02 -2.7300e-02 -2.5879e-02 -2.4438e-02 -2.2978e-02
 -2.1501e-02 -2.0011e-02 -1.8511e-02 -1.7003e-02]
z_res:  [0.8    0.8    0.8004 0.8011 0.8022 0.8036 0.8054 0.8074 0.8113 0.8156
 0.8201 0.8248 0.8297 0.8347 0.8399 0.8409 0.842  0.8431 0.8443 0.8454
 0.8466 0.8478]
xdot_res:  [0.     0.0127 0.0256 0.0387 0.052  0.0655 0.0791 0.0931 0.1184 0.1463
 0.1754 0.2057 0.2367 0.2668 0.295  0.2987 0.3024 0.306  0.3095 0.3128
 0.3161 0.3192]
ydot_res:  [ 0.     -0.0244 -0.0457 -0.0639 -0.0792 -0.0913 -0.1004 -0.1065 -0.0865
 -0.0592 -0.0251  0.0117  0.0476  0.0786  0.0994  0.1009  0.1022  0.1034
  0.1043  0.105   0.1056  0.106 ]
zdot_res:  [0.     0.0089 0.0174 0.0255 0.0333 0.0407 0.0478 0.0544 0.0594 0.0633
 0.0661 0.0683 0.0702 0.0723 0.0753 0.0767 0.078  0.0793 0.0806 0.0817
 0.0829 0.0841]
Lx_res:  [ 0.0000e+00 -4.4601e-17  1.1204e-04 -1.5472e-04 -6.1974e-03 -1.4071e-01
 -2.9071e-01 -4.4071e-01 -1.9071e-01 -1.0533e-01 -2.4861e-02  4.4998e-02
  1.3007e-01  2.7666e-01  4.0083e-01  3.5083e-01  3.0475e-01  2.6595e-01
  2.3440e-01  2.1086e-01  2.0063e-01  2.1139e-01]
Ly_res:  [ 0.0000e+00 -3.6764e-17  2.4188e-04 -3.8325e-04 -6.1562e-03 -8.7418e-03
  1.5158e-02  7.3775e-02  6.0234e-02  4.3765e-02  5.7973e-02  5.6283e-02
  1.9529e-02 -6.0079e-02 -3.1008e-01 -2.8446e-01 -2.4716e-01 -2.0434e-01
 -1.5587e-01 -1.0587e-01 -5.5875e-02 -5.8757e-03]
Lz_res:  [ 0.0000e+00  1.1389e-16  1.6945e-04 -6.2680e-04 -1.8860e-02  7.3887e-03
  8.5915e-02  2.0168e-01  2.9336e-01  2.2053e-01  6.1591e-02 -3.3126e-02
 -1.0130e-01 -1.4955e-01 -1.6671e-01 -1.9331e-01 -2.1042e-01 -2.2079e-01
 -2.2442e-01 -2.2133e-01 -2.1150e-01 -1.9204e-01]
Ldotx_res:  [ 0.0000e+00  2.6143e-03 -6.2245e-03 -1.4100e-01 -3.1385e+00 -3.5000e+00
 -3.5000e+00  3.5000e+00  1.1953e+00  1.1265e+00  9.7803e-01  1.1911e+00
  2.0522e+00  1.7385e+00 -3.5000e+00 -3.2262e+00 -2.7155e+00 -2.2090e+00
 -1.6475e+00 -7.1592e-01  7.5291e-01 -3.4567e+00]
Ldoty_res:  [ 0.      0.0056 -0.0146 -0.1347 -0.0603  0.5577  1.3677 -0.1896 -0.2306
  0.1989 -0.0237 -0.5146 -1.1145 -3.5     1.7931  2.6114  2.9971  3.3927
  3.5     3.4999  3.5     0.7984]
Ldotz_res:  [ 0.      0.004  -0.0186 -0.4254  0.6125  1.8323  2.7012  1.2835 -1.0196
 -2.2252 -1.326  -0.9544 -0.6755 -0.2403 -1.8617 -1.198  -0.7259 -0.2535
  0.2163  0.6882  1.362   2.3007]
px_res:  [0.9266]
py_res:  [0.11]
pz_res:  [0.]
Ts_res:  [0.3 0.8 0.9]
FR1x_res:  [-2.1582e-01  2.9522e+00  5.4794e-01  1.2689e+01  7.4264e-02  1.0277e-02
 -9.3920e+00  3.2637e+01  2.2934e+01  2.2389e+00  1.1492e+01  1.7747e+01
  1.3065e+01  4.8542e+01  6.0497e-03  1.9740e-03  1.9488e-03  1.3812e-03
  2.0889e-03  2.3225e-03  2.8074e-03  9.1264e-02]
FR1y_res:  [ 1.2398e+00 -3.4299e+00 -6.1959e+00  7.5068e+00  7.3000e-02  1.0065e-02
 -8.3839e+00 -1.1425e+02 -3.7363e+01  4.0504e+01  3.1632e+01  3.5035e+01
  2.9895e+01 -2.6183e+01 -6.0683e-03 -2.0225e-03 -1.8754e-03 -1.2178e-03
 -7.8479e-04 -9.7232e-04 -1.9213e-03  1.3956e-01]
FR1z_res:  [6.8857e+01 7.6621e+01 9.3860e+01 5.4537e+01 2.5289e-01 3.6407e-02
 3.7481e+01 4.0000e+02 4.0000e+02 4.0000e+02 4.0000e+02 4.0000e+02
 4.0000e+02 4.0000e+02 2.0905e-02 7.6896e-03 8.4593e-03 1.0093e-02
 1.5694e-02 1.6123e-02 1.6996e-02 3.3323e+02]
Second Level Results:
x_res:  [0.731  0.7447 0.7588 0.7732 0.7879 0.8029 0.8182 0.8337 0.8599 0.886
 0.9118 0.9374 0.9629 0.9885 1.0143 1.0352 1.0561 1.0772 1.0983 1.1195
 1.1408 1.1621 1.1888 1.2151 1.2411 1.267  1.2929 1.3192 1.3459 1.3676
 1.3893 1.411  1.4327 1.4544 1.476  1.4976 1.5245 1.5508 1.5765 1.6017
 1.6268 1.6519 1.6773 1.6978 1.7184 1.739  1.7597 1.7805 1.8014 1.8224
 1.8487 1.8749 1.9011 1.9274 1.9541 1.9814 2.0097 2.033  2.0566 2.0805
 2.1048 2.1294 2.1543 2.1796 2.2116 2.2439 2.2766 2.3099 2.3441 2.3795
 2.4161 2.4461 2.4765 2.5071 2.5379 2.5689 2.6002 2.6319 2.6724 2.7151
 2.7607 2.8099 2.8632 2.9206 2.9827 3.0372 3.0898 3.1401 3.1895 3.2389
 3.2899 3.3437]
y_res:  [-0.017  -0.0125 -0.0079 -0.0034  0.001   0.0053  0.0094  0.0133  0.0195
  0.0239  0.0263  0.0268  0.0254  0.0226  0.0185  0.0147  0.0108  0.0066
  0.0025 -0.0016 -0.0056 -0.0094 -0.0138 -0.0171 -0.019  -0.0193 -0.0179
 -0.0149 -0.0104 -0.0061 -0.0016  0.0029  0.0074  0.0118  0.016   0.02
  0.0245  0.0275  0.0287  0.0281  0.0258  0.0219  0.0168  0.0121  0.0072
  0.0023 -0.0027 -0.0075 -0.0123 -0.0168 -0.0222 -0.0264 -0.0291 -0.0303
 -0.0297 -0.0275 -0.0239 -0.0201 -0.0163 -0.0123 -0.0084 -0.0046 -0.001
  0.0024  0.0062  0.0085  0.009   0.0076  0.0042 -0.0008 -0.0073 -0.0134
 -0.0197 -0.0259 -0.032  -0.0379 -0.0435 -0.0485 -0.054  -0.058  -0.0601
 -0.0599 -0.0572 -0.0522 -0.0453 -0.038  -0.0315 -0.0254 -0.02   -0.0151
 -0.0108 -0.0068]
z_res:  [0.8478 0.8514 0.8551 0.859  0.863  0.8671 0.8713 0.8757 0.883  0.8905
 0.898  0.9056 0.9132 0.9208 0.9285 0.9347 0.9409 0.9472 0.9535 0.9599
 0.9663 0.9726 0.9806 0.9884 0.9961 1.0037 1.0109 1.018  1.0248 1.0301
 1.0354 1.0405 1.0456 1.0505 1.0554 1.0602 1.066  1.0715 1.0767 1.0816
 1.0861 1.0903 1.0942 1.0972 1.1    1.1027 1.1052 1.1076 1.1099 1.1121
 1.1146 1.1169 1.1189 1.1205 1.1218 1.1228 1.1235 1.1238 1.1241 1.1242
 1.1242 1.1241 1.124  1.1237 1.1233 1.1225 1.1214 1.1197 1.1176 1.1149
 1.1117 1.1086 1.1052 1.1016 1.0975 1.0932 1.0884 1.0833 1.0761 1.0677
 1.0576 1.0453 1.0302 1.0115 0.9879 0.9635 0.9374 0.9093 0.8777 0.8416
 0.801  0.7541]
xdot_res:  [0.3192 0.3279 0.3361 0.3437 0.3505 0.3565 0.3619 0.3665 0.3654 0.3617
 0.3579 0.3567 0.3585 0.3616 0.3651 0.3669 0.3685 0.37   0.3711 0.3721
 0.3728 0.3732 0.3684 0.3642 0.3622 0.3633 0.3675 0.3741 0.3799 0.38
 0.38   0.3798 0.3793 0.3786 0.3776 0.3763 0.3682 0.3592 0.3532 0.3513
 0.3521 0.3554 0.3592 0.3599 0.361  0.3622 0.3637 0.3653 0.3672 0.3692
 0.3668 0.3661 0.3682 0.3736 0.3831 0.3956 0.4077 0.413  0.4187 0.4244
 0.4303 0.4363 0.4424 0.4489 0.4522 0.4571 0.4657 0.4792 0.4962 0.5122
 0.5255 0.531  0.5355 0.5394 0.5428 0.5469 0.5544 0.5674 0.5978 0.6387
 0.6891 0.7461 0.8031 0.869  0.9548 0.9195 0.8813 0.8634 0.8647 0.8931
 0.9414 1.    ]
ydot_res:  [ 0.106   0.1062  0.1052  0.1031  0.1001  0.0962  0.0914  0.0857  0.0618
  0.0339  0.0062 -0.0189 -0.0399 -0.0562 -0.0663 -0.0699 -0.0719 -0.0726
 -0.0719 -0.0699 -0.0665 -0.0617 -0.0456 -0.0264 -0.0043  0.0192  0.042
  0.0622  0.076   0.0786  0.0794  0.0789  0.0769  0.0737  0.069   0.063
  0.0423  0.0172 -0.0086 -0.0329 -0.0545 -0.0714 -0.0819 -0.0851 -0.0865
 -0.0866 -0.0855 -0.0832 -0.0796 -0.0748 -0.0584 -0.0387 -0.016   0.0076
  0.0307  0.0512  0.0652  0.0678  0.0687  0.0683  0.0666  0.0636  0.0594
  0.053   0.0327  0.0071 -0.0202 -0.0466 -0.0705 -0.0915 -0.1065 -0.1093
 -0.109  -0.107  -0.1035 -0.0974 -0.0882 -0.0766 -0.0561 -0.0293  0.0031
  0.038   0.0697  0.0959  0.1279  0.1146  0.106   0.0955  0.0845  0.0753
  0.0702  0.0612]
zdot_res:  [ 8.4075e-02  8.7314e-02  9.0370e-02  9.3264e-02  9.5999e-02  9.8575e-02
  1.0099e-01  1.0325e-01  1.0451e-01  1.0521e-01  1.0588e-01  1.0650e-01
  1.0697e-01  1.0739e-01  1.0822e-01  1.0926e-01  1.1006e-01  1.1069e-01
  1.1114e-01  1.1141e-01  1.1150e-01  1.1141e-01  1.0989e-01  1.0784e-01
  1.0519e-01  1.0194e-01  9.8743e-02  9.5625e-02  9.2828e-02  9.1506e-02
  9.0066e-02  8.8532e-02  8.6902e-02  8.5178e-02  8.3358e-02  8.1443e-02
  7.7333e-02  7.2856e-02  6.8269e-02  6.3568e-02  5.8943e-02  5.4829e-02
  5.1295e-02  4.9160e-02  4.6918e-02  4.4670e-02  4.2417e-02  4.0157e-02
  3.7890e-02  3.5618e-02  3.1739e-02  2.7539e-02  2.3015e-02  1.8235e-02
  1.3736e-02  9.5259e-03  5.8653e-03  4.0144e-03  2.2190e-03  4.9880e-04
 -1.1464e-03 -2.7164e-03 -4.2115e-03 -6.1340e-03 -1.0637e-02 -1.6319e-02
 -2.3060e-02 -3.0046e-02 -3.7458e-02 -4.5523e-02 -5.3765e-02 -5.8740e-02
 -6.4342e-02 -7.0245e-02 -7.6451e-02 -8.3005e-02 -9.0514e-02 -1.0023e-01
 -1.1765e-01 -1.4123e-01 -1.7224e-01 -2.1204e-01 -2.6169e-01 -3.2942e-01
 -4.2839e-01 -4.5558e-01 -4.9236e-01 -5.5229e-01 -6.3147e-01 -7.1064e-01
 -8.2163e-01 -9.8694e-01]
px_res:  [1.2493 1.5762 1.8982 2.225  2.5477 2.8745]
py_res:  [-0.11    0.1233 -0.1233  0.11   -0.11    0.1233]
pz_res:  [0. 0. 0. 0. 0. 0.]
Ts_res:  [0.3 0.8 1.2 1.7 2.1 2.6 3.  3.5 3.9 4.4 4.8 5.3 5.7]
The  1 Round:
[[10.  -0.5 -0.5 10. ]
 [ 0.5  0.5 -0.5 -0.5]
 [ 0.   0.   0.   0. ]]
[[10.  -0.5 -0.5 10. ]
 [ 0.5  0.5 -0.5 -0.5]
 [ 0.   0.   0.   0. ]]
[[10.  -0.5 -0.5 10. ]
 [ 0.5  0.5 -0.5 -0.5]
 [ 0.   0.   0.   0. ]]
[[10.  -0.5 -0.5 10. ]
 [ 0.5  0.5 -0.5 -0.5]
 [ 0.   0.   0.   0. ]]
[[10.  -0.5 -0.5 10. ]
 [ 0.5  0.5 -0.5 -0.5]
 [ 0.   0.   0.   0. ]]
[[10.  -0.5 -0.5 10. ]
 [ 0.5  0.5 -0.5 -0.5]
 [ 0.   0.   0.   0. ]]
[[10.  -0.5 -0.5 10. ]
 [ 0.5  0.5 -0.5 -0.5]
 [ 0.   0.   0.   0. ]]

=======================================
           Academic License
       (NOT FOR COMMERCIAL USE)
         Artelys Knitro 10.3.0
=======================================

Knitro presolve eliminated 607 variables and 30100 constraints.

Knitro changing algorithm from AUTO to 1.
Knitro changing bar_initpt from AUTO to 3.
Knitro changing bar_murule from AUTO to 4.
Knitro changing bar_penaltycons from AUTO to 1.
Knitro changing bar_penaltyrule from AUTO to 2.
Knitro changing bar_switchrule from AUTO to 2.
Knitro changing linesearch from AUTO to 1.
Knitro changing linsolver from AUTO to 5.
Knitro shifted start point to satisfy presolved bounds (897 variables).
Knitro fixing 607 variables eliminated from the presolve.

Problem Characteristics                    ( Presolved)
-----------------------
Objective goal:  Minimize
Number of variables:                        4144 (      3537)
    bounded below only:                        0 (         0)
    bounded above only:                        0 (         0)
    bounded below and above:                4144 (      3537)
    fixed:                                     0 (         0)
    free:                                      0 (         0)
Number of constraints:                     59796 (     29710)
    linear equalities:                      1231 (        15)
    nonlinear equalities:                   1659 (      1659)
    linear one-sided inequalities:         56890 (     28036)
    nonlinear one-sided inequalities:          0 (         0)
    linear two-sided inequalities:            16 (         0)
    nonlinear two-sided inequalities:          0 (         0)
Number of nonzeros in Jacobian:           317033 (    146576)
Number of nonzeros in Hessian:             32172 (     23279)

  Iter      Objective      FeasError   OptError    ||Step||    CGits 
--------  --------------  ----------  ----------  ----------  -------
       0    8.024933e+02   1.823e+01
      10    9.363838e+02   4.641e+00   1.313e+02   1.303e+01        7
      20    6.925019e+02   4.256e+00   3.626e+01   6.621e+00        5
      30    5.697774e+02   3.544e+00   9.331e+01   2.538e+00        0
      40    4.468862e+02   2.257e+00   9.871e+01   3.898e+00        0
      50    5.882665e+02   1.369e+00   3.340e+02   4.799e-01        0
      60    7.902892e+02   1.347e+00   3.692e+02   2.546e+01        0
      70    9.326035e+02   3.554e-01   3.710e+02   8.404e+01        0
      80    9.357422e+02   2.446e-01   3.692e+02   8.940e+00        0
      90    9.313622e+02   2.534e-01   3.696e+02   1.130e+01        0
     100    6.998945e+02   6.185e-02   8.736e+00   1.976e+01        0
     110    4.824032e+02   1.853e+00   9.778e+00   1.664e+02        0
     120    4.114717e+02   6.583e-02   2.720e-01   3.406e+01        0
     130    4.068902e+02   2.706e-01   6.668e-02   8.227e+00        0
     140    4.063286e+02   5.876e-02   1.191e-01   1.151e+00        0
     150    4.061587e+02   1.009e-02   1.533e-01   1.541e+01        0
     160    4.059110e+02   5.427e-02   1.618e-01   2.648e+00        0
     170    4.057315e+02   1.726e-02   1.010e-01   1.211e+01        0
     180    4.056372e+02   1.613e-02   4.205e-01   3.482e+01        0
     190    4.055879e+02   3.168e-02   1.793e-01   3.592e+00        0
     200    4.055465e+02   1.512e-02   1.217e-01   4.110e+01        0
     210    4.055212e+02   1.009e-02   1.424e-01   6.702e+00        0
     220    4.054303e+02   1.254e-02   2.287e-01   2.048e+01        0
     230    4.053734e+02   1.929e-02   2.947e-01   1.537e+02        0
     240    4.053544e+02   1.009e-02   1.291e-02   6.722e+01        0
     250    4.053542e+02   1.009e-02   2.919e-05   5.260e+01        0
     260    4.053542e+02   1.009e-02   3.132e-06   9.686e-03        0
     270    4.053542e+02   1.009e-02   1.000e-10   3.142e-05        0
     280    4.053542e+02   1.009e-02   1.000e-10   2.368e-06        0
     290    4.053542e+02   1.009e-02   1.000e-10   4.447e-14        0
     291    4.053542e+02   1.009e-02   1.000e-10   4.510e-14        0

EXIT: Terminate at infeasible point because the relative change in solution
      estimate < xtol for 3 consecutive iterations.

Final Statistics
----------------
Final objective value               =   4.05354158064877e+02
Final feasibility error (abs / rel) =   1.01e-02 / 5.54e-04
Final optimality error  (abs / rel) =   1.00e-10 / 1.05e-12
# of iterations                     =        291 
# of CG iterations                  =        152 
# of function evaluations           =        333
# of gradient evaluations           =        293
# of Hessian evaluations            =        292
Total program time (secs)           =      25.04738 (    25.045 CPU time)
Time spent in evaluations (secs)    =       1.28694

===============================================================================

      solver  :   t_proc      (avg)   t_wall      (avg)    n_eval
      nlp_fg  | 518.31ms (  1.55ms) 517.96ms (  1.55ms)       334
   nlp_gf_jg  | 570.63ms (  1.95ms) 570.43ms (  1.95ms)       293
    nlp_grad  |   4.05ms (  4.05ms)   4.06ms (  4.06ms)         1
  nlp_hess_l  | 192.11ms (657.90us) 191.86ms (657.05us)       292
       total  |  25.27 s ( 25.27 s)  25.26 s ( 25.26 s)         1
Fail at Round  1
Total Program Time:  25.2746
Accumulated Full Cost is:  0.3137
Accumulated Acc Cost is:  0.2511
Accumulated Momentum Cost is:  0.0626
Total Cost is:  859.4763
Terminal Cost is:  859.1627
Terminal X position is:  0.731
Terminal Y position is:  -0.017
Terminal Z position is:  0.8478
