==================================================================
A new Round
 
Initial Seed Type:  previous
Chosen Solver:  CoM
Number of LookAhead:  10
Flat Terrain, use the default set up of terrain tangent and norm
The  0 Round:
[[10.  -0.5 -0.5 10. ]
 [ 0.5  0.5 -0.5 -0.5]
 [ 0.   0.   0.   0. ]]
[[10.  -0.5 -0.5 10. ]
 [ 0.5  0.5 -0.5 -0.5]
 [ 0.   0.   0.   0. ]]
[[10.  -0.5 -0.5 10. ]
 [ 0.5  0.5 -0.5 -0.5]
 [ 0.   0.   0.   0. ]]
[[10.  -0.5 -0.5 10. ]
 [ 0.5  0.5 -0.5 -0.5]
 [ 0.   0.   0.   0. ]]
[[10.  -0.5 -0.5 10. ]
 [ 0.5  0.5 -0.5 -0.5]
 [ 0.   0.   0.   0. ]]
[[10.  -0.5 -0.5 10. ]
 [ 0.5  0.5 -0.5 -0.5]
 [ 0.   0.   0.   0. ]]
[[10.  -0.5 -0.5 10. ]
 [ 0.5  0.5 -0.5 -0.5]
 [ 0.   0.   0.   0. ]]
[[10.  -0.5 -0.5 10. ]
 [ 0.5  0.5 -0.5 -0.5]
 [ 0.   0.   0.   0. ]]
[[10.  -0.5 -0.5 10. ]
 [ 0.5  0.5 -0.5 -0.5]
 [ 0.   0.   0.   0. ]]
[[10.  -0.5 -0.5 10. ]
 [ 0.5  0.5 -0.5 -0.5]
 [ 0.   0.   0.   0. ]]

=======================================
           Academic License
       (NOT FOR COMMERCIAL USE)
         Artelys Knitro 10.3.0
=======================================

Knitro presolve eliminated 295 variables and 18445 constraints.

Knitro changing algorithm from AUTO to 1.
Knitro changing bar_initpt from AUTO to 3.
Knitro changing bar_murule from AUTO to 4.
Knitro changing bar_penaltycons from AUTO to 1.
Knitro changing bar_penaltyrule from AUTO to 2.
Knitro changing bar_switchrule from AUTO to 2.
Knitro changing linesearch from AUTO to 1.
Knitro changing linsolver from AUTO to 5.
Knitro shifted start point to satisfy presolved bounds (487 variables).
Knitro fixing 295 variables eliminated from the presolve.

Problem Characteristics                    ( Presolved)
-----------------------
Objective goal:  Minimize
Number of variables:                        2455 (      2160)
    bounded below only:                        0 (         0)
    bounded above only:                        0 (         0)
    bounded below and above:                2455 (      2160)
    fixed:                                     0 (         0)
    free:                                      0 (         0)
Number of constraints:                     36259 (     17834)
    linear equalities:                      1405 (       807)
    nonlinear equalities:                    294 (       294)
    linear one-sided inequalities:         34538 (     16733)
    nonlinear one-sided inequalities:          0 (         0)
    linear two-sided inequalities:            22 (         0)
    nonlinear two-sided inequalities:          0 (         0)
Number of nonzeros in Jacobian:           192137 (     83178)
Number of nonzeros in Hessian:              6141 (      4704)

  Iter      Objective      FeasError   OptError    ||Step||    CGits 
--------  --------------  ----------  ----------  ----------  -------
       0    4.168175e+03   1.592e+03
      10    3.601871e+03   1.374e+03   2.268e+01   9.243e+02        0
      20    2.923645e+03   1.157e+03   5.116e+01   1.167e+02        0
      30    2.847485e+03   1.118e+03   8.503e+02   1.224e+02        0
      40    2.529609e+03   9.865e+02   1.067e+03   1.270e+02        0
      50    2.303161e+03   8.790e+02   7.322e+02   2.910e+02        0
      60    1.975148e+03   7.295e+02   7.317e+02   1.425e+02        0
      70    1.886364e+03   6.769e+02   7.293e+02   1.207e+02        0
      80    1.841171e+03   6.506e+02   7.314e+02   6.631e+01        0
      90    1.796859e+03   6.273e+02   7.300e+02   1.791e+02        0
     100    1.748721e+03   5.989e+02   3.160e+02   1.369e+02        0
     110    1.672071e+03   5.613e+02   3.160e+02   1.349e+02        0
     120    1.621392e+03   5.402e+02   3.160e+02   9.531e+00        6
     130    1.563295e+03   5.064e+02   3.160e+02   1.182e+02        0
     140    1.495729e+03   4.819e+02   3.160e+02   9.715e+01        0
     150    1.414544e+03   4.441e+02   3.160e+02   9.049e+01        0
     160    1.355023e+03   4.138e+02   3.160e+02   3.654e+01        0
     170    1.284711e+03   3.741e+02   3.783e+04   1.241e+02        0
     180    1.223743e+03   3.391e+02   3.783e+04   1.047e+02        0
     190    1.192840e+03   3.194e+02   3.783e+04   7.078e+00        0
     200    1.150545e+03   2.938e+02   3.783e+04   1.662e+01        0
     210    1.109927e+03   2.645e+02   3.783e+04   6.700e+01        0
     220    1.077758e+03   2.403e+02   3.783e+04   6.266e+01        0
     230    1.058845e+03   2.252e+02   3.783e+04   2.800e+01        0
     240    1.030589e+03   2.047e+02   3.783e+04   1.088e+02        0
     250    1.009709e+03   1.977e+02   3.783e+04   1.526e+02        0
     260    1.005320e+03   1.940e+02   3.783e+04   4.266e+01        0
     270    9.986809e+02   1.871e+02   3.783e+04   7.709e+01        0
     280    9.959913e+02   1.840e+02   3.783e+04   2.823e+01        0
     290    9.922892e+02   1.795e+02   3.783e+04   2.739e+01        0
     300    9.989235e+02   1.770e+02   3.783e+04   3.141e+01        0
     310    9.892287e+02   1.677e+02   3.783e+04   2.377e+02        0
     320    9.798138e+02   1.616e+02   3.783e+04   8.757e+01        0
     330    9.607239e+02   1.444e+02   3.783e+04   1.300e+02        0
     340    9.449104e+02   1.319e+02   3.783e+04   1.333e+00        0
     350    9.344005e+02   1.230e+02   2.294e+04   2.595e+02        0
     360    9.316442e+02   1.183e+02   2.294e+04   1.281e+02        0
     370    9.163830e+02   2.266e+02   6.601e+03   6.865e+00        5
     380    9.103177e+02   1.588e+02   6.626e+03   7.376e+01        0
     390    8.825378e+02   1.311e+02   6.605e+03   1.799e+02        0
     400    8.790050e+02   1.117e+02   6.474e+03   7.100e+01        0
     410    8.723193e+02   9.334e+01   6.397e+03   1.930e+02        0
     420    8.385164e+02   6.858e+01   6.352e+03   9.007e+01        0
     430    8.268723e+02   5.239e+01   6.311e+03   6.120e+01        0
     440    8.172455e+02   5.938e+00   1.318e+03   9.693e+00        0
     450    8.000659e+02   2.830e+00   1.329e+03   1.470e+02        0
     460    3.890052e+02   6.692e-01   2.610e+01   6.040e+01        0
     470    3.558619e+02   2.599e-03   4.047e-03   3.041e+02        0
     480    3.557837e+02   5.495e-04   2.092e-03   1.297e+01       88
     490    3.557834e+02   6.894e-04   1.438e-04   3.107e+01        0
     500    3.557833e+02   2.304e-04   2.431e-05   4.709e-02        0
     501    3.557833e+02   5.880e-05   7.132e-06   8.600e-02        0

EXIT: Locally optimal solution found.

Final Statistics
----------------
Final objective value               =   3.55783250195405e+02
Final feasibility error (abs / rel) =   5.88e-05 / 3.69e-08
Final optimality error  (abs / rel) =   7.13e-06 / 3.85e-07
# of iterations                     =        501 
# of CG iterations                  =        682 
# of function evaluations           =        585
# of gradient evaluations           =        503
# of Hessian evaluations            =        501
Total program time (secs)           =      19.66631 (    19.664 CPU time)
Time spent in evaluations (secs)    =       1.20042

===============================================================================

      solver  :   t_proc      (avg)   t_wall      (avg)    n_eval
      nlp_fg  | 545.71ms (931.24us) 544.96ms (929.97us)       586
   nlp_gf_jg  | 583.07ms (  1.16ms) 582.83ms (  1.16ms)       503
    nlp_grad  |   1.92ms (  1.92ms)   1.92ms (  1.92ms)         1
  nlp_hess_l  |  60.03ms (119.82us)  59.52ms (118.81us)       501
       total  |  20.03 s ( 20.03 s)  20.04 s ( 20.04 s)         1
Round  0 True
Full Cost Value:  0.049011222788502215
Acceleration:  0.03223264520614853
Momentum:  0.01677857758235371
Total Program Time:  20.0343
First Level NLP Results:
x_res:  [0.6    0.6    0.6001 0.6003 0.6005 0.6009 0.6013 0.6019 0.6031 0.6046
 0.6066 0.609  0.6118 0.6151 0.619  0.6194 0.6198 0.6203 0.6207 0.6211
 0.6216 0.6221]
y_res:  [ 0.0000e+00  4.0088e-13 -6.0098e-04 -1.7416e-03 -3.3604e-03 -5.3962e-03
 -7.7876e-03 -1.0473e-02 -1.5331e-02 -2.0073e-02 -2.4341e-02 -2.7949e-02
 -3.0865e-02 -3.3182e-02 -3.5095e-02 -3.5269e-02 -3.5443e-02 -3.5616e-02
 -3.5788e-02 -3.5960e-02 -3.6131e-02 -3.6302e-02]
z_res:  [0.65   0.65   0.65   0.65   0.6501 0.6501 0.6502 0.6502 0.6504 0.6504
 0.6503 0.65   0.6497 0.6492 0.6487 0.6487 0.6486 0.6486 0.6485 0.6485
 0.6484 0.6484]
xdot_res:  [0.     0.0019 0.0039 0.0061 0.0084 0.0109 0.0135 0.0162 0.0215 0.0274
 0.0335 0.0398 0.0465 0.0536 0.0603 0.0609 0.0615 0.062  0.0626 0.0632
 0.0638 0.0643]
ydot_res:  [ 0.     -0.014  -0.0266 -0.0378 -0.0475 -0.0558 -0.0627 -0.068  -0.0664
 -0.0598 -0.0505 -0.0408 -0.0324 -0.0268 -0.0244 -0.0243 -0.0242 -0.0241
 -0.0241 -0.024  -0.0239 -0.0239]
zdot_res:  [ 0.      0.0003  0.0006  0.0008  0.0011  0.0013  0.0015  0.0017  0.0004
 -0.0014 -0.0033 -0.005  -0.0063 -0.0069 -0.0069 -0.0069 -0.0069 -0.0068
 -0.0068 -0.0068 -0.0068 -0.0067]
Lx_res:  [ 0.0000e+00  6.6521e-15  1.1318e-04  3.1881e-04  7.1514e-04 -2.8013e-03
 -1.1250e-01 -2.6250e-01 -9.6323e-02 -3.3101e-02  2.9631e-02  8.0630e-02
  1.2728e-01  1.4420e-01  1.3881e-01  1.2778e-01  1.2025e-01  1.1062e-01
  1.0224e-01  9.4641e-02  8.7366e-02  8.5584e-02]
Ly_res:  [ 0.0000e+00  4.4851e-16  7.9169e-06  2.9138e-04  3.3431e-04 -9.9321e-04
 -6.9818e-03  2.2544e-02  1.4030e-02 -5.6471e-03  1.4559e-03  1.0787e-02
  1.7265e-02 -1.5989e-02 -9.2270e-02 -8.9103e-02 -8.0021e-02 -6.4009e-02
 -4.6005e-02 -2.8192e-02 -1.4040e-02 -4.4752e-03]
Lz_res:  [ 0.0000e+00 -1.3522e-14  1.6688e-05 -3.1509e-04 -1.1990e-03 -2.2521e-03
  6.8949e-03  6.3333e-02  1.8797e-01  1.4168e-01  3.8069e-02 -3.1905e-02
 -9.1580e-02 -1.4467e-01 -2.2634e-01 -2.3716e-01 -2.4202e-01 -2.4164e-01
 -2.3885e-01 -2.3434e-01 -2.2953e-01 -2.2664e-01]
Ldotx_res:  [ 0.0000e+00  2.6409e-03  4.7981e-03  9.2477e-03 -8.2049e-02 -2.5596e+00
 -3.5000e+00  2.3264e+00  8.8511e-01  8.7825e-01  7.1398e-01  6.5305e-01
  2.3690e-01 -7.5442e-02 -1.5446e+00 -1.0539e+00 -1.3486e+00 -1.1732e+00
 -1.0631e+00 -1.0185e+00 -2.4945e-01  1.4877e-08]
Ldoty_res:  [ 0.0000e+00  1.8472e-04  6.6140e-03  1.0017e-03 -3.0975e-02 -1.3973e-01
  6.8894e-01 -1.1920e-01 -2.7548e-01  9.9442e-02  1.3064e-01  9.0684e-02
 -4.6555e-01 -1.0679e+00  4.4336e-01  1.2714e+00  2.2417e+00  2.5205e+00
  2.4938e+00  1.9812e+00  1.3391e+00 -7.1598e-09]
Ldotz_res:  [ 0.0000e+00  3.8939e-04 -7.7416e-03 -2.0625e-02 -2.4571e-02  2.1343e-01
  1.3169e+00  1.7450e+00 -6.4808e-01 -1.4506e+00 -9.7963e-01 -8.3544e-01
 -7.4330e-01 -1.1433e+00 -1.5155e+00 -6.7994e-01  5.3148e-02  3.9097e-01
  6.3157e-01  6.7273e-01  4.0503e-01  3.9848e-01]
px_res:  [0.917]
py_res:  [0.2229]
pz_res:  [0.]
Ts_res:  [0.3  0.8  0.85]
FR1x_res:  [ 3.8125e-01  9.4599e-01  4.3783e-01  5.0608e-01  1.4998e+00  4.4445e+00
  1.3750e-01  2.3268e+01  8.8693e+00  5.9371e-01 -5.6848e+00  4.7913e+00
  6.8830e+00  5.4351e+00  3.5647e+00  6.0257e+00  6.0481e+00  3.3794e+00
  4.1315e-01 -6.3512e+00  9.3548e-01  1.4898e-02]
FR1y_res:  [-3.0078e+00 -3.0557e+00 -2.5836e+00 -2.2112e+00  1.0236e+00  3.7454e+00
 -4.4156e-01 -1.1152e+02 -3.4366e+01  2.8773e+01  1.0271e+01  1.0573e+01
 -1.7110e+01 -2.1242e+01 -3.3520e+00 -5.9007e+00 -5.4850e+00 -2.8432e+00
 -3.0797e-01  4.4194e+00  2.0118e-01 -2.2137e-02]
FR1z_res:  [104.092  107.0246 106.7935 108.2818  99.9959  26.7939   1.495  399.9992
 399.9992 399.9992 399.9994 399.9991 399.9998 399.9363  12.5846  20.8881
  23.3061  21.4545  28.5677  52.2733 116.3207 333.3221]
Second Level Results:
x_res:  [0.6221 0.6257 0.6297 0.6339 0.6383 0.643  0.648  0.6532 0.6628 0.6732
 0.6843 0.6961 0.7087 0.722  0.736  0.7445 0.7531 0.762  0.7711 0.7805
 0.7901 0.7999 0.8174 0.8356 0.8545 0.874  0.8942 0.915  0.9364 0.949
 0.9618 0.9748 0.9881 1.0015 1.0151 1.0289 1.0533 1.0784 1.104  1.1303
 1.157  1.1843 1.2122 1.2284 1.2448 1.2614 1.2781 1.295  1.3121 1.3293
 1.3598 1.3907 1.4222 1.4541 1.4865 1.5193 1.5526 1.5719 1.5913 1.6109
 1.6306 1.6505 1.6705 1.6906 1.7261 1.762  1.7982 1.8349 1.872  1.9094
 1.9472 1.969  1.991  2.013  2.0351 2.0574 2.0798 2.1023 2.1418 2.1817
 2.2219 2.2624 2.3032 2.3443 2.3857 2.4095 2.4334 2.4573 2.4814 2.5056
 2.5298 2.5541 2.5968 2.6398 2.6829 2.7263 2.7699 2.8138 2.8578 2.8831
 2.9084 2.9338 2.9593 2.9848 3.0104 3.036  3.0809 3.126  3.1713 3.2167
 3.2622 3.3079 3.3536 3.3799 3.4061 3.4324 3.4587 3.4851 3.5115 3.5379
 3.5842 3.6305 3.6769 3.7234 3.77   3.8165 3.8632 3.8898 3.9165 3.9431
 3.9698 3.9965 4.0232 4.0499]
y_res:  [-0.0363 -0.0377 -0.039  -0.0403 -0.0416 -0.0428 -0.0441 -0.0453 -0.0473
 -0.0493 -0.0512 -0.053  -0.0547 -0.0563 -0.0579 -0.0588 -0.0596 -0.0604
 -0.0612 -0.062  -0.0627 -0.0635 -0.0647 -0.0658 -0.0669 -0.068  -0.0689
 -0.0698 -0.0707 -0.0711 -0.0715 -0.0719 -0.0723 -0.0727 -0.073  -0.0734
 -0.0739 -0.0744 -0.0748 -0.0752 -0.0755 -0.0757 -0.0759 -0.076  -0.0761
 -0.0761 -0.0762 -0.0762 -0.0762 -0.0762 -0.0761 -0.076  -0.0758 -0.0756
 -0.0754 -0.0751 -0.0748 -0.0745 -0.0743 -0.0741 -0.0738 -0.0735 -0.0732
 -0.0729 -0.0724 -0.0718 -0.0711 -0.0704 -0.0697 -0.069  -0.0682 -0.0677
 -0.0672 -0.0667 -0.0662 -0.0657 -0.0651 -0.0646 -0.0636 -0.0626 -0.0615
 -0.0605 -0.0594 -0.0582 -0.0571 -0.0564 -0.0557 -0.055  -0.0543 -0.0536
 -0.0528 -0.0521 -0.0508 -0.0494 -0.0481 -0.0467 -0.0453 -0.0439 -0.0424
 -0.0416 -0.0407 -0.0399 -0.039  -0.0381 -0.0373 -0.0364 -0.0348 -0.0333
 -0.0317 -0.0301 -0.0284 -0.0268 -0.0252 -0.0242 -0.0232 -0.0223 -0.0213
 -0.0203 -0.0194 -0.0184 -0.0167 -0.015  -0.0132 -0.0115 -0.0097 -0.008
 -0.0062 -0.0052 -0.0042 -0.0032 -0.0022 -0.0012 -0.0002  0.0008]
z_res:  [0.6484 0.648  0.6476 0.6473 0.6469 0.6466 0.6462 0.6459 0.6453 0.6448
 0.6442 0.6437 0.6433 0.6428 0.6424 0.6422 0.6419 0.6417 0.6415 0.6413
 0.6411 0.641  0.6406 0.6404 0.6401 0.6399 0.6397 0.6395 0.6393 0.6392
 0.6392 0.6391 0.639  0.639  0.6389 0.6389 0.6389 0.6388 0.6388 0.6389
 0.6389 0.639  0.639  0.6391 0.6392 0.6393 0.6393 0.6394 0.6395 0.6396
 0.6399 0.6401 0.6403 0.6406 0.6409 0.6412 0.6415 0.6417 0.6419 0.6421
 0.6424 0.6426 0.6428 0.6431 0.6435 0.644  0.6445 0.6449 0.6455 0.646
 0.6466 0.6469 0.6472 0.6476 0.6479 0.6483 0.6486 0.649  0.6497 0.6503
 0.651  0.6517 0.6524 0.6532 0.6539 0.6544 0.6548 0.6553 0.6557 0.6562
 0.6567 0.6571 0.658  0.6588 0.6597 0.6606 0.6615 0.6624 0.6633 0.6638
 0.6644 0.6649 0.6655 0.666  0.6666 0.6671 0.6681 0.6691 0.6701 0.6712
 0.6722 0.6732 0.6743 0.6749 0.6755 0.6761 0.6767 0.6774 0.678  0.6786
 0.6797 0.6808 0.6819 0.683  0.6841 0.6853 0.6864 0.687  0.6877 0.6883
 0.689  0.6896 0.6903 0.6909]
xdot_res:  [0.0643 0.0689 0.0735 0.078  0.0825 0.0869 0.0914 0.0958 0.1034 0.111
 0.1185 0.1259 0.1332 0.1404 0.1475 0.1516 0.1556 0.1596 0.1636 0.1675
 0.1714 0.1753 0.182  0.1887 0.1952 0.2017 0.2081 0.2144 0.2207 0.2242
 0.2277 0.2312 0.2346 0.2381 0.2415 0.2448 0.2507 0.2564 0.2621 0.2676
 0.2731 0.2786 0.2839 0.2869 0.2899 0.2929 0.2959 0.2988 0.3017 0.3045
 0.3095 0.3144 0.3191 0.3239 0.3285 0.333  0.3375 0.34   0.3426 0.345
 0.3475 0.3499 0.3523 0.3547 0.3588 0.3628 0.3667 0.3706 0.3744 0.378
 0.3817 0.3837 0.3857 0.3877 0.3897 0.3917 0.3936 0.3955 0.3987 0.4019
 0.405  0.408  0.4109 0.4138 0.4165 0.4181 0.4197 0.4212 0.4227 0.4241
 0.4256 0.427  0.4294 0.4318 0.434  0.4362 0.4383 0.4403 0.4423 0.4434
 0.4444 0.4455 0.4465 0.4475 0.4485 0.4494 0.451  0.4525 0.4539 0.4553
 0.4566 0.4578 0.4589 0.4595 0.4601 0.4607 0.4613 0.4618 0.4623 0.4628
 0.4635 0.4642 0.4648 0.4653 0.4658 0.4662 0.4665 0.4666 0.4667 0.4668
 0.4669 0.467  0.467  0.467 ]
ydot_res:  [-2.3865e-02 -2.3364e-02 -2.2868e-02 -2.2377e-02 -2.1890e-02 -2.1408e-02
 -2.0931e-02 -2.0459e-02 -1.9646e-02 -1.8847e-02 -1.8063e-02 -1.7293e-02
 -1.6536e-02 -1.5794e-02 -1.5066e-02 -1.4654e-02 -1.4246e-02 -1.3843e-02
 -1.3444e-02 -1.3048e-02 -1.2656e-02 -1.2267e-02 -1.1595e-02 -1.0933e-02
 -1.0279e-02 -9.6339e-03 -8.9983e-03 -8.3718e-03 -7.7543e-03 -7.4043e-03
 -7.0570e-03 -6.7125e-03 -6.3707e-03 -6.0314e-03 -5.6948e-03 -5.3607e-03
 -4.7853e-03 -4.2177e-03 -3.6578e-03 -3.1057e-03 -2.5610e-03 -2.0238e-03
 -1.4939e-03 -1.1922e-03 -8.9299e-04 -5.9618e-04 -3.0181e-04 -9.8807e-06
  2.7961e-04  5.6667e-04  1.0604e-03  1.5467e-03  2.0257e-03  2.4972e-03
  2.9613e-03  3.4177e-03  3.8665e-03  4.1209e-03  4.3729e-03  4.6225e-03
  4.8697e-03  5.1146e-03  5.3570e-03  5.5972e-03  6.0089e-03  6.4134e-03
  6.8110e-03  7.2016e-03  7.5854e-03  7.9625e-03  8.3329e-03  8.5423e-03
  8.7494e-03  8.9542e-03  9.1567e-03  9.3568e-03  9.5547e-03  9.7502e-03
  1.0087e-02  1.0417e-02  1.0740e-02  1.1056e-02  1.1365e-02  1.1667e-02
  1.1962e-02  1.2127e-02  1.2289e-02  1.2449e-02  1.2607e-02  1.2763e-02
  1.2917e-02  1.3068e-02  1.3327e-02  1.3578e-02  1.3823e-02  1.4060e-02
  1.4291e-02  1.4515e-02  1.4733e-02  1.4855e-02  1.4974e-02  1.5092e-02
  1.5207e-02  1.5320e-02  1.5431e-02  1.5540e-02  1.5722e-02  1.5898e-02
  1.6066e-02  1.6227e-02  1.6381e-02  1.6527e-02  1.6665e-02  1.6742e-02
  1.6816e-02  1.6887e-02  1.6955e-02  1.7021e-02  1.7084e-02  1.7144e-02
  1.7239e-02  1.7326e-02  1.7404e-02  1.7472e-02  1.7532e-02  1.7582e-02
  1.7622e-02  1.7641e-02  1.7657e-02  1.7670e-02  1.7680e-02  1.7686e-02
  1.7690e-02  1.7690e-02]
zdot_res:  [-6.7468e-03 -6.5998e-03 -6.4533e-03 -6.3072e-03 -6.1617e-03 -6.0166e-03
 -5.8721e-03 -5.7280e-03 -5.4779e-03 -5.2289e-03 -4.9812e-03 -4.7349e-03
 -4.4900e-03 -4.2465e-03 -4.0045e-03 -3.8668e-03 -3.7295e-03 -3.5928e-03
 -3.4565e-03 -3.3208e-03 -3.1853e-03 -3.0500e-03 -2.8144e-03 -2.5794e-03
 -2.3449e-03 -2.1108e-03 -1.8771e-03 -1.6438e-03 -1.4108e-03 -1.2773e-03
 -1.1440e-03 -1.0110e-03 -8.7821e-04 -7.4568e-04 -6.1342e-04 -4.8144e-04
 -2.5125e-04 -2.1676e-05  2.0730e-04  4.3570e-04  6.6355e-04  8.9088e-04
  1.1177e-03  1.2459e-03  1.3738e-03  1.5014e-03  1.6286e-03  1.7555e-03
  1.8820e-03  2.0082e-03  2.2303e-03  2.4513e-03  2.6710e-03  2.8894e-03
  3.1066e-03  3.3224e-03  3.5370e-03  3.6582e-03  3.7789e-03  3.8992e-03
  4.0190e-03  4.1382e-03  4.2569e-03  4.3751e-03  4.5803e-03  4.7835e-03
  4.9845e-03  5.1834e-03  5.3802e-03  5.5749e-03  5.7675e-03  5.8774e-03
  5.9866e-03  6.0950e-03  6.2027e-03  6.3097e-03  6.4158e-03  6.5211e-03
  6.7017e-03  6.8797e-03  7.0553e-03  7.2283e-03  7.3989e-03  7.5671e-03
  7.7328e-03  7.8268e-03  7.9199e-03  8.0121e-03  8.1033e-03  8.1936e-03
  8.2829e-03  8.3713e-03  8.5234e-03  8.6727e-03  8.8190e-03  8.9624e-03
  9.1030e-03  9.2406e-03  9.3753e-03  9.4503e-03  9.5242e-03  9.5971e-03
  9.6688e-03  9.7395e-03  9.8090e-03  9.8773e-03  9.9947e-03  1.0108e-02
  1.0218e-02  1.0324e-02  1.0426e-02  1.0524e-02  1.0618e-02  1.0669e-02
  1.0720e-02  1.0768e-02  1.0815e-02  1.0861e-02  1.0904e-02  1.0946e-02
  1.1016e-02  1.1080e-02  1.1138e-02  1.1190e-02  1.1236e-02  1.1276e-02
  1.1309e-02  1.1325e-02  1.1338e-02  1.1349e-02  1.1358e-02  1.1363e-02
  1.1366e-02  1.1366e-02]
px_res:  [1.2343 1.551  1.8683 2.1856 2.5029 2.8202 3.1375 3.4546 3.6693]
py_res:  [-0.1512  0.1289 -0.2452  0.1243 -0.2498  0.122  -0.2521  0.08   -0.1781]
pz_res:  [0. 0. 0. 0. 0. 0. 0. 0. 0.]
Ts_res:  [0.1506 0.5128 0.6726 1.0307 1.1876 1.5434 1.6985 2.0529 2.2067 2.56
 2.7128 3.0652 3.2172 3.5688 3.7201 4.0711 4.2219 4.5723 4.7226]
The  1 Round:
[[10.  -0.5 -0.5 10. ]
 [ 0.5  0.5 -0.5 -0.5]
 [ 0.   0.   0.   0. ]]
[[10.  -0.5 -0.5 10. ]
 [ 0.5  0.5 -0.5 -0.5]
 [ 0.   0.   0.   0. ]]
[[10.  -0.5 -0.5 10. ]
 [ 0.5  0.5 -0.5 -0.5]
 [ 0.   0.   0.   0. ]]
[[10.  -0.5 -0.5 10. ]
 [ 0.5  0.5 -0.5 -0.5]
 [ 0.   0.   0.   0. ]]
[[10.  -0.5 -0.5 10. ]
 [ 0.5  0.5 -0.5 -0.5]
 [ 0.   0.   0.   0. ]]
[[10.  -0.5 -0.5 10. ]
 [ 0.5  0.5 -0.5 -0.5]
 [ 0.   0.   0.   0. ]]
[[10.  -0.5 -0.5 10. ]
 [ 0.5  0.5 -0.5 -0.5]
 [ 0.   0.   0.   0. ]]
[[10.  -0.5 -0.5 10. ]
 [ 0.5  0.5 -0.5 -0.5]
 [ 0.   0.   0.   0. ]]
[[10.  -0.5 -0.5 10. ]
 [ 0.5  0.5 -0.5 -0.5]
 [ 0.   0.   0.   0. ]]
[[10.  -0.5 -0.5 10. ]
 [ 0.5  0.5 -0.5 -0.5]
 [ 0.   0.   0.   0. ]]

=======================================
           Academic License
       (NOT FOR COMMERCIAL USE)
         Artelys Knitro 10.3.0
=======================================

Knitro presolve eliminated 295 variables and 18334 constraints.

Knitro changing algorithm from AUTO to 1.
Knitro changing bar_initpt from AUTO to 3.
Knitro changing bar_murule from AUTO to 4.
Knitro changing bar_penaltycons from AUTO to 1.
Knitro changing bar_penaltyrule from AUTO to 2.
Knitro changing bar_switchrule from AUTO to 2.
Knitro changing linesearch from AUTO to 1.
Knitro changing linsolver from AUTO to 5.
Knitro shifted start point to satisfy presolved bounds (388 variables).
Knitro fixing 295 variables eliminated from the presolve.

Problem Characteristics                    ( Presolved)
-----------------------
Objective goal:  Minimize
Number of variables:                        2455 (      2160)
    bounded below only:                        0 (         0)
    bounded above only:                        0 (         0)
    bounded below and above:                2455 (      2160)
    fixed:                                     0 (         0)
    free:                                      0 (         0)
Number of constraints:                     36259 (     17945)
    linear equalities:                      1405 (       807)
    nonlinear equalities:                    294 (       294)
    linear one-sided inequalities:         34538 (     16844)
    nonlinear one-sided inequalities:          0 (         0)
    linear two-sided inequalities:            22 (         0)
    nonlinear two-sided inequalities:          0 (         0)
Number of nonzeros in Jacobian:           192137 (     83512)
Number of nonzeros in Hessian:              6141 (      4704)

  Iter      Objective      FeasError   OptError    ||Step||    CGits 
--------  --------------  ----------  ----------  ----------  -------
       0    1.018750e+03   8.125e+00
      10    1.226911e+03   2.393e+00   1.605e+02   1.190e+03        0
      20    1.113214e+03   1.659e+00   2.498e+02   2.816e+02        0
      30    6.182360e+02   5.295e-01   3.052e+02   1.362e+03        0
      40    3.225254e+02   2.749e-02   6.225e-01   2.618e+02        0
      50    3.215960e+02   1.830e-04   3.645e-03   2.390e+02        0
      57    3.215946e+02   6.675e-09   8.953e-09   1.060e+01        0

EXIT: Locally optimal solution found.

Final Statistics
----------------
Final objective value               =   3.21594644103538e+02
Final feasibility error (abs / rel) =   6.68e-09 / 8.22e-10
Final optimality error  (abs / rel) =   8.95e-09 / 9.46e-11
# of iterations                     =         57 
# of CG iterations                  =         48 
# of function evaluations           =         59
# of gradient evaluations           =         59
# of Hessian evaluations            =         57
Total program time (secs)           =       2.19555 (     2.195 CPU time)
Time spent in evaluations (secs)    =       0.12888

===============================================================================

      solver  :   t_proc      (avg)   t_wall      (avg)    n_eval
      nlp_fg  |  55.44ms (924.07us)  55.36ms (922.71us)        60
   nlp_gf_jg  |  67.26ms (  1.14ms)  67.23ms (  1.14ms)        59
    nlp_grad  |   1.99ms (  1.99ms)   1.99ms (  1.99ms)         1
  nlp_hess_l  |   7.06ms (123.93us)   7.01ms (122.92us)        57
       total  |   2.40 s (  2.40 s)   2.55 s (  2.55 s)         1
Round  1 True
Full Cost Value:  2.941508293450951
Acceleration:  2.827698523820872
Momentum:  0.1138097696300791
Total Program Time:  2.4011
First Level NLP Results:
x_res:  [0.6221 0.6248 0.6297 0.6379 0.649  0.6624 0.6777 0.6944 0.7241 0.7489
 0.7697 0.787  0.8009 0.8119 0.8206 0.8214 0.8222 0.8229 0.8237 0.8245
 0.8253 0.826 ]
y_res:  [-0.0363 -0.0373 -0.0356 -0.0294 -0.0197 -0.0072  0.0074  0.0235  0.0523
  0.073   0.0873  0.096   0.0992  0.0978  0.0934  0.0928  0.0922  0.0916
  0.091   0.0904  0.0898  0.0892]
z_res:  [0.6484 0.6481 0.6493 0.6516 0.655  0.6594 0.6646 0.6707 0.6818 0.6873
 0.6891 0.6886 0.686  0.6821 0.6772 0.6767 0.6762 0.6757 0.6752 0.6747
 0.6742 0.6736]
xdot_res:  [0.0643 0.1133 0.1924 0.2589 0.3135 0.3566 0.3885 0.4166 0.3466 0.2906
 0.2427 0.1948 0.1533 0.1229 0.1071 0.1074 0.1078 0.1082 0.1086 0.109
 0.1095 0.11  ]
ydot_res:  [-0.0239  0.0414  0.1434  0.2265  0.2921  0.3411  0.3741  0.4039  0.2895
  0.2008  0.121   0.0447 -0.0189 -0.0623 -0.083  -0.0829 -0.0829 -0.0828
 -0.0826 -0.0825 -0.0823 -0.082 ]
zdot_res:  [-0.0067  0.028   0.0545  0.079   0.1015  0.1222  0.141   0.1556  0.077
  0.0262 -0.0083 -0.0354 -0.0552 -0.0677 -0.073  -0.0727 -0.0724 -0.072
 -0.0717 -0.0714 -0.0711 -0.0707]
Lx_res:  [ 0.0856  0.0856 -0.0505 -0.1089 -0.1088 -0.0597  0.0394  0.1894 -0.0606
 -0.3106 -0.5606 -0.739  -0.9141 -1.0493 -1.2993 -1.2787 -1.2636 -1.2513
 -1.2432 -1.2393 -1.2311 -1.2265]
Ly_res:  [-0.0045 -0.0045  0.0342  0.0614  0.0438 -0.039  -0.189  -0.339  -0.089
  0.161   0.3249  0.4339  0.5317  0.753   1.003   1.0261  1.0436  1.0581
  1.0683  1.0744  1.0848  1.0991]
Lz_res:  [-0.0045 -0.0045  0.0267  0.0249  0.0432  0.0651  0.081   0.0838  0.0851
  0.1478  0.2199  0.2486  0.3037  0.3853  0.5904  0.611   0.6264  0.6369
  0.6432  0.6454  0.6434  0.6457]
Ldotx_res:  [ 1.4877e-08 -3.1744e+00 -1.3632e+00  1.0191e-03  1.1464e+00  2.3115e+00
  3.5000e+00 -3.5000e+00 -3.5000e+00 -3.5000e+00 -2.4967e+00 -2.4518e+00
 -1.8922e+00 -3.5000e+00  2.8734e+00  2.1250e+00  1.7202e+00  1.1320e+00
  5.4571e-01  1.1462e+00  6.4940e-01  5.1785e-12]
Ldoty_res:  [-7.1598e-09  9.0167e-01  6.3493e-01 -4.1098e-01 -1.9318e+00 -3.5000e+00
 -3.5000e+00  3.5000e+00  3.5000e+00  2.2952e+00  1.5255e+00  1.3696e+00
  3.0978e+00  3.5000e+00  3.2384e+00  2.4503e+00  2.0208e+00  1.4363e+00
  8.5303e-01  1.4561e+00  2.0062e+00 -2.4928e-12]
Ldotz_res:  [-7.1598e-09  7.2784e-01 -4.3109e-02  4.2804e-01  5.1003e-01  3.7273e-01
  6.3350e-02  1.8546e-02  8.7828e-01  1.0089e+00  4.0183e-01  7.7111e-01
  1.1423e+00  2.8720e+00  2.8874e+00  2.1545e+00  1.4669e+00  8.8352e-01
  3.0192e-01 -2.7810e-01  3.2840e-01  3.2399e-01]
px_res:  [1.2343]
py_res:  [-0.1512]
pz_res:  [0.]
Ts_res:  [0.3  0.8  0.85]
FR1x_res:  [-4.5982e-15 -1.5429e-12 -5.6274e-12 -7.8247e-12  9.8505e-12 -3.3331e-12
 -2.7841e-12  0.0000e+00  0.0000e+00  0.0000e+00  0.0000e+00  0.0000e+00
  0.0000e+00  0.0000e+00  2.9749e-05  1.0192e-06 -1.8092e-07 -7.6101e-08
  9.2094e-08  7.6789e-07  4.0644e-01  2.6749e-05]
FR1y_res:  [ 9.6187e-08 -1.3399e-11  1.4309e-09 -1.8402e-11 -1.5593e-11  2.0603e-12
 -4.4041e-13  0.0000e+00  0.0000e+00  0.0000e+00  0.0000e+00  0.0000e+00
  0.0000e+00  0.0000e+00 -1.8511e-04 -1.8199e-04 -1.4108e-04 -1.1142e-04
 -4.8113e-05  1.4859e-04 -3.5548e-01 -3.9745e-05]
FR1z_res:  [2.1666e-06 5.9245e-06 5.9618e-06 6.0532e-06 6.1443e-06 6.1955e-06
 9.4585e-06 0.0000e+00 0.0000e+00 0.0000e+00 0.0000e+00 0.0000e+00
 0.0000e+00 0.0000e+00 9.1633e-04 1.0802e-03 1.2939e-03 1.6538e-03
 2.4237e-03 4.8239e-03 1.1430e+02 3.3333e+02]
Second Level Results:
x_res:  [0.826  0.8323 0.8388 0.8456 0.8525 0.8597 0.8671 0.8747 0.8883 0.9027
 0.9177 0.9333 0.9495 0.9664 0.9839 0.9943 1.0048 1.0156 1.0265 1.0377
 1.049  1.0605 1.081  1.1021 1.1238 1.146  1.1688 1.1922 1.2161 1.23
 1.2442 1.2585 1.273  1.2877 1.3025 1.3175 1.344  1.3711 1.3986 1.4267
 1.4552 1.4843 1.5138 1.5309 1.5482 1.5656 1.5832 1.6009 1.6188 1.6368
 1.6686 1.7008 1.7334 1.7665 1.8    1.8339 1.8682 1.888  1.908  1.928
 1.9482 1.9686 1.989  2.0096 2.0458 2.0824 2.1194 2.1567 2.1943 2.2323
 2.2706 2.2926 2.3148 2.3371 2.3595 2.3819 2.4045 2.4272 2.4671 2.5072
 2.5476 2.5883 2.6293 2.6705 2.712  2.7359 2.7598 2.7838 2.8079 2.8321
 2.8563 2.8806 2.9233 2.9662 3.0093 3.0526 3.0961 3.1397 3.1836 3.2088
 3.234  3.2593 3.2846 3.31   3.3354 3.3609 3.4056 3.4504 3.4953 3.5404
 3.5856 3.6309 3.6763 3.7024 3.7284 3.7545 3.7806 3.8067 3.8329 3.8591
 3.9049 3.9509 3.9969 4.0429 4.089  4.1351 4.1813 4.2077 4.2341 4.2605
 4.2869 4.3134 4.3398 4.3662]
y_res:  [ 8.9238e-02  8.4551e-02  7.9969e-02  7.5492e-02  7.1117e-02  6.6845e-02
  6.2673e-02  5.8601e-02  5.1647e-02  4.4988e-02  3.8619e-02  3.2533e-02
  2.6724e-02  2.1186e-02  1.5913e-02  1.3047e-02  1.0265e-02  7.5650e-03
  4.9458e-03  2.4065e-03 -5.4082e-05 -2.4371e-03 -6.4738e-03 -1.0283e-02
 -1.3870e-02 -1.7241e-02 -2.0404e-02 -2.3363e-02 -2.6125e-02 -2.7594e-02
 -2.9002e-02 -3.0349e-02 -3.1638e-02 -3.2870e-02 -3.4044e-02 -3.5163e-02
 -3.7027e-02 -3.8730e-02 -4.0279e-02 -4.1680e-02 -4.2940e-02 -4.4064e-02
 -4.5058e-02 -4.5556e-02 -4.6015e-02 -4.6436e-02 -4.6820e-02 -4.7168e-02
 -4.7482e-02 -4.7762e-02 -4.8196e-02 -4.8538e-02 -4.8793e-02 -4.8968e-02
 -4.9069e-02 -4.9102e-02 -4.9073e-02 -4.9024e-02 -4.8959e-02 -4.8878e-02
 -4.8782e-02 -4.8672e-02 -4.8550e-02 -4.8417e-02 -4.8164e-02 -4.7877e-02
 -4.7558e-02 -4.7206e-02 -4.6822e-02 -4.6408e-02 -4.5962e-02 -4.5691e-02
 -4.5410e-02 -4.5119e-02 -4.4819e-02 -4.4510e-02 -4.4191e-02 -4.3863e-02
 -4.3274e-02 -4.2659e-02 -4.2017e-02 -4.1349e-02 -4.0657e-02 -3.9941e-02
 -3.9200e-02 -3.8764e-02 -3.8321e-02 -3.7870e-02 -3.7412e-02 -3.6947e-02
 -3.6475e-02 -3.5996e-02 -3.5146e-02 -3.4276e-02 -3.3388e-02 -3.2480e-02
 -3.1554e-02 -3.0611e-02 -2.9651e-02 -2.9094e-02 -2.8531e-02 -2.7963e-02
 -2.7390e-02 -2.6812e-02 -2.6230e-02 -2.5643e-02 -2.4607e-02 -2.3559e-02
 -2.2499e-02 -2.1426e-02 -2.0343e-02 -1.9248e-02 -1.8144e-02 -1.7508e-02
 -1.6869e-02 -1.6226e-02 -1.5582e-02 -1.4934e-02 -1.4285e-02 -1.3632e-02
 -1.2487e-02 -1.1336e-02 -1.0179e-02 -9.0168e-03 -7.8504e-03 -6.6804e-03
 -5.5072e-03 -4.8353e-03 -4.1628e-03 -3.4897e-03 -2.8161e-03 -2.1422e-03
 -1.4681e-03 -7.9383e-04]
z_res:  [0.6736 0.6696 0.6657 0.662  0.6584 0.6549 0.6516 0.6484 0.6431 0.6381
 0.6335 0.6293 0.6255 0.622  0.6188 0.6171 0.6155 0.6141 0.6127 0.6114
 0.6102 0.6091 0.6073 0.6058 0.6044 0.6033 0.6023 0.6016 0.601  0.6007
 0.6005 0.6003 0.6002 0.6001 0.6    0.6    0.6    0.6001 0.6003 0.6005
 0.6008 0.6012 0.6017 0.602  0.6023 0.6027 0.603  0.6034 0.6038 0.6042
 0.605  0.6058 0.6066 0.6075 0.6085 0.6094 0.6104 0.611  0.6116 0.6122
 0.6128 0.6134 0.614  0.6146 0.6157 0.6168 0.6179 0.6191 0.6202 0.6214
 0.6226 0.6232 0.6239 0.6246 0.6253 0.626  0.6267 0.6274 0.6286 0.6299
 0.6311 0.6324 0.6336 0.6349 0.6362 0.637  0.6377 0.6385 0.6392 0.64
 0.6407 0.6415 0.6429 0.6442 0.6456 0.6469 0.6483 0.6497 0.6511 0.6519
 0.6527 0.6535 0.6543 0.6551 0.6559 0.6567 0.6581 0.6595 0.661  0.6624
 0.6638 0.6653 0.6667 0.6675 0.6684 0.6692 0.67   0.6709 0.6717 0.6725
 0.674  0.6755 0.6769 0.6784 0.6799 0.6814 0.6828 0.6837 0.6845 0.6854
 0.6862 0.6871 0.6879 0.6888]
xdot_res:  [0.11   0.1139 0.1177 0.1216 0.1254 0.1292 0.133  0.1368 0.1433 0.1498
 0.1562 0.1626 0.1688 0.175  0.1812 0.1847 0.1881 0.1916 0.195  0.1984
 0.2018 0.2051 0.2109 0.2167 0.2224 0.228  0.2335 0.239  0.2444 0.2475
 0.2505 0.2536 0.2566 0.2596 0.2625 0.2655 0.2705 0.2756 0.2805 0.2854
 0.2902 0.295  0.2997 0.3023 0.305  0.3076 0.3102 0.3127 0.3153 0.3178
 0.3222 0.3265 0.3307 0.3349 0.339  0.343  0.347  0.3492 0.3514 0.3536
 0.3558 0.358  0.3601 0.3622 0.3659 0.3694 0.3729 0.3763 0.3797 0.383
 0.3862 0.3881 0.3899 0.3916 0.3934 0.3951 0.3969 0.3985 0.4014 0.4043
 0.407  0.4097 0.4123 0.4149 0.4174 0.4188 0.4202 0.4215 0.4229 0.4242
 0.4255 0.4267 0.4289 0.431  0.433  0.4349 0.4368 0.4386 0.4404 0.4414
 0.4423 0.4432 0.4442 0.445  0.4459 0.4468 0.4482 0.4495 0.4508 0.452
 0.4532 0.4542 0.4552 0.4558 0.4563 0.4568 0.4573 0.4578 0.4582 0.4587
 0.4593 0.4599 0.4605 0.461  0.4614 0.4617 0.462  0.4621 0.4622 0.4623
 0.4624 0.4624 0.4624 0.4624]
ydot_res:  [-0.082  -0.0802 -0.0784 -0.0766 -0.0748 -0.073  -0.0713 -0.0695 -0.0666
 -0.0637 -0.0609 -0.0581 -0.0554 -0.0527 -0.0501 -0.0487 -0.0473 -0.0458
 -0.0444 -0.0431 -0.0417 -0.0404 -0.0381 -0.0359 -0.0337 -0.0316 -0.0296
 -0.0276 -0.0257 -0.0246 -0.0236 -0.0226 -0.0215 -0.0206 -0.0196 -0.0186
 -0.017  -0.0155 -0.014  -0.0126 -0.0112 -0.0099 -0.0087 -0.008  -0.0074
 -0.0067 -0.0061 -0.0055 -0.0049 -0.0043 -0.0034 -0.0026 -0.0017 -0.001
 -0.0003  0.0003  0.0008  0.0011  0.0014  0.0017  0.0019  0.0021  0.0023
  0.0025  0.0029  0.0032  0.0035  0.0038  0.0041  0.0045  0.0048  0.0049
  0.0051  0.0053  0.0054  0.0056  0.0057  0.0059  0.0062  0.0064  0.0067
  0.0069  0.0072  0.0074  0.0076  0.0078  0.0079  0.008   0.0081  0.0083
  0.0084  0.0085  0.0087  0.0089  0.0091  0.0093  0.0094  0.0096  0.0098
  0.0099  0.0099  0.01    0.0101  0.0102  0.0103  0.0104  0.0105  0.0106
  0.0107  0.0108  0.0109  0.011   0.0111  0.0112  0.0112  0.0113  0.0113
  0.0114  0.0114  0.0115  0.0115  0.0116  0.0116  0.0117  0.0117  0.0117
  0.0118  0.0118  0.0118  0.0118  0.0118  0.0118  0.0118  0.0118]
zdot_res:  [-7.0723e-02 -6.8110e-02 -6.5545e-02 -6.3026e-02 -6.0555e-02 -5.8131e-02
 -5.5754e-02 -5.3424e-02 -4.9491e-02 -4.5702e-02 -4.2058e-02 -3.8558e-02
 -3.5203e-02 -3.1991e-02 -2.8924e-02 -2.7219e-02 -2.5561e-02 -2.3949e-02
 -2.2385e-02 -2.0868e-02 -1.9399e-02 -1.7976e-02 -1.5631e-02 -1.3429e-02
 -1.1373e-02 -9.4604e-03 -7.6923e-03 -6.0685e-03 -4.5891e-03 -3.7909e-03
 -3.0397e-03 -2.3357e-03 -1.6788e-03 -1.0691e-03 -5.0643e-04  9.1015e-06
  8.7070e-04  1.6972e-03  2.4885e-03  3.2447e-03  3.9658e-03  4.6518e-03
  5.3026e-03  5.6631e-03  6.0120e-03  6.3496e-03  6.6756e-03  6.9902e-03
  7.2933e-03  7.5849e-03  8.0602e-03  8.5003e-03  8.9054e-03  9.2753e-03
  9.6101e-03  9.9098e-03  1.0174e-02  1.0314e-02  1.0442e-02  1.0559e-02
  1.0664e-02  1.0758e-02  1.0841e-02  1.0922e-02  1.1062e-02  1.1200e-02
  1.1335e-02  1.1467e-02  1.1597e-02  1.1724e-02  1.1849e-02  1.1919e-02
  1.1989e-02  1.2057e-02  1.2125e-02  1.2192e-02  1.2258e-02  1.2323e-02
  1.2435e-02  1.2544e-02  1.2650e-02  1.2754e-02  1.2855e-02  1.2954e-02
  1.3050e-02  1.3104e-02  1.3157e-02  1.3209e-02  1.3261e-02  1.3312e-02
  1.3361e-02  1.3410e-02  1.3493e-02  1.3574e-02  1.3652e-02  1.3727e-02
  1.3800e-02  1.3870e-02  1.3937e-02  1.3975e-02  1.4012e-02  1.4048e-02
  1.4083e-02  1.4117e-02  1.4151e-02  1.4183e-02  1.4238e-02  1.4290e-02
  1.4339e-02  1.4386e-02  1.4430e-02  1.4472e-02  1.4510e-02  1.4532e-02
  1.4552e-02  1.4572e-02  1.4591e-02  1.4609e-02  1.4626e-02  1.4642e-02
  1.4668e-02  1.4692e-02  1.4713e-02  1.4731e-02  1.4746e-02  1.4759e-02
  1.4770e-02  1.4775e-02  1.4779e-02  1.4782e-02  1.4785e-02  1.4787e-02
  1.4788e-02  1.4788e-02]
px_res:  [1.5516 1.8689 2.1863 2.5036 2.8209 3.1382 3.4556 3.7724 3.9865]
py_res:  [ 0.2229 -0.1512  0.2229 -0.151   0.223  -0.1503  0.2238 -0.08    0.1739]
pz_res:  [0. 0. 0. 0. 0. 0. 0. 0. 0.]
Ts_res:  [0.1506 0.5128 0.6726 1.0307 1.1876 1.5434 1.6985 2.0529 2.2067 2.56
 2.7128 3.0652 3.2172 3.5688 3.7201 4.0711 4.2219 4.5724 4.7226]
The  2 Round:
[[10.  -0.5 -0.5 10. ]
 [ 0.5  0.5 -0.5 -0.5]
 [ 0.   0.   0.   0. ]]
[[10.  -0.5 -0.5 10. ]
 [ 0.5  0.5 -0.5 -0.5]
 [ 0.   0.   0.   0. ]]
[[10.  -0.5 -0.5 10. ]
 [ 0.5  0.5 -0.5 -0.5]
 [ 0.   0.   0.   0. ]]
[[10.  -0.5 -0.5 10. ]
 [ 0.5  0.5 -0.5 -0.5]
 [ 0.   0.   0.   0. ]]
[[10.  -0.5 -0.5 10. ]
 [ 0.5  0.5 -0.5 -0.5]
 [ 0.   0.   0.   0. ]]
[[10.  -0.5 -0.5 10. ]
 [ 0.5  0.5 -0.5 -0.5]
 [ 0.   0.   0.   0. ]]
[[10.  -0.5 -0.5 10. ]
 [ 0.5  0.5 -0.5 -0.5]
 [ 0.   0.   0.   0. ]]
[[10.  -0.5 -0.5 10. ]
 [ 0.5  0.5 -0.5 -0.5]
 [ 0.   0.   0.   0. ]]
[[10.  -0.5 -0.5 10. ]
 [ 0.5  0.5 -0.5 -0.5]
 [ 0.   0.   0.   0. ]]
[[10.  -0.5 -0.5 10. ]
 [ 0.5  0.5 -0.5 -0.5]
 [ 0.   0.   0.   0. ]]

=======================================
           Academic License
       (NOT FOR COMMERCIAL USE)
         Artelys Knitro 10.3.0
=======================================

Knitro presolve eliminated 295 variables and 18279 constraints.

Knitro changing algorithm from AUTO to 1.
Knitro changing bar_initpt from AUTO to 3.
Knitro changing bar_murule from AUTO to 4.
Knitro changing bar_penaltycons from AUTO to 1.
Knitro changing bar_penaltyrule from AUTO to 2.
Knitro changing bar_switchrule from AUTO to 2.
Knitro changing linesearch from AUTO to 1.
Knitro changing linsolver from AUTO to 5.
Knitro shifted start point to satisfy presolved bounds (16 variables).
Knitro fixing 295 variables eliminated from the presolve.

Problem Characteristics                    ( Presolved)
-----------------------
Objective goal:  Minimize
Number of variables:                        2455 (      2160)
    bounded below only:                        0 (         0)
    bounded above only:                        0 (         0)
    bounded below and above:                2455 (      2160)
    fixed:                                     0 (         0)
    free:                                      0 (         0)
Number of constraints:                     36259 (     18000)
    linear equalities:                      1405 (       807)
    nonlinear equalities:                    294 (       294)
    linear one-sided inequalities:         34538 (     16899)
    nonlinear one-sided inequalities:          0 (         0)
    linear two-sided inequalities:            22 (         0)
    nonlinear two-sided inequalities:          0 (         0)
Number of nonzeros in Jacobian:           192137 (     83674)
Number of nonzeros in Hessian:              6141 (      4704)

  Iter      Objective      FeasError   OptError    ||Step||    CGits 
--------  --------------  ----------  ----------  ----------  -------
       0    3.558869e+02   5.184e+01
      10    6.073828e+02   6.696e+00   4.954e+02   5.152e+01        0
      20    5.701861e+02   1.473e+00   6.009e+01   5.485e+01        0
      30    3.770264e+02   1.836e-01   7.470e+01   7.473e+01        0
      40    2.935063e+02   6.478e-02   1.019e+00   3.407e+02        0
      50    2.909478e+02   3.955e-03   1.892e-02   3.097e+02        0
      58    2.909212e+02   4.647e-05   2.244e-06   1.092e+02        0

EXIT: Locally optimal solution found.

Final Statistics
----------------
Final objective value               =   2.90921206391781e+02
Final feasibility error (abs / rel) =   4.65e-05 / 8.96e-07
Final optimality error  (abs / rel) =   2.24e-06 / 2.51e-08
# of iterations                     =         58 
# of CG iterations                  =         42 
# of function evaluations           =         61
# of gradient evaluations           =         60
# of Hessian evaluations            =         58
Total program time (secs)           =       2.50665 (     2.506 CPU time)
Time spent in evaluations (secs)    =       0.13598

===============================================================================

      solver  :   t_proc      (avg)   t_wall      (avg)    n_eval
      nlp_fg  |  56.88ms (917.50us)  56.82ms (916.50us)        62
   nlp_gf_jg  |  72.61ms (  1.21ms)  72.60ms (  1.21ms)        60
    nlp_grad  |   1.97ms (  1.97ms)   1.97ms (  1.97ms)         1
  nlp_hess_l  |   7.50ms (129.33us)   7.43ms (128.03us)        58
       total  |   2.71 s (  2.71 s)   2.88 s (  2.88 s)         1
Round  2 True
Full Cost Value:  7.534083191231364
Acceleration:  3.6199343049435924
Momentum:  3.9141488862877685
Total Program Time:  2.7114
First Level NLP Results:
x_res:  [0.826  0.8297 0.8334 0.8401 0.8497 0.8621 0.8767 0.8931 0.931  0.9596
 0.9814 0.9963 1.004  1.0053 1.003  1.0025 1.0019 1.0014 1.0009 1.0005
 1.0001 0.9996]
y_res:  [ 0.0892  0.0865  0.0821  0.0765  0.0696  0.0615  0.0522  0.0417  0.017
 -0.0032 -0.0203 -0.0354 -0.0495 -0.0627 -0.0756 -0.0769 -0.0781 -0.0793
 -0.0805 -0.0817 -0.0828 -0.084 ]
z_res:  [0.6736 0.6713 0.6701 0.6697 0.6702 0.6719 0.6745 0.678  0.6875 0.6898
 0.6868 0.6801 0.6707 0.6593 0.6476 0.6464 0.6452 0.6441 0.6429 0.6418
 0.6407 0.6396]
xdot_res:  [ 0.11    0.1136  0.2012  0.29    0.3752  0.4429  0.4945  0.531   0.4003
  0.3056  0.2075  0.1077  0.0188 -0.0322 -0.0767 -0.0736 -0.0705 -0.0673
 -0.0642 -0.0609 -0.0577 -0.0544]
ydot_res:  [-0.082  -0.1328 -0.1706 -0.2088 -0.2459 -0.2809 -0.3174 -0.3454 -0.283
 -0.2394 -0.2111 -0.1974 -0.1849 -0.181  -0.1714 -0.1701 -0.1688 -0.1675
 -0.1662 -0.1649 -0.1636 -0.1623]
zdot_res:  [-0.0707 -0.0376 -0.0116  0.0168  0.0492  0.0788  0.1077  0.1321  0.0331
 -0.0429 -0.0938 -0.1313 -0.1587 -0.164  -0.1702 -0.1671 -0.1639 -0.1608
 -0.1577 -0.1545 -0.1514 -0.1483]
Lx_res:  [-1.2265 -1.2265 -1.3145 -1.4046 -1.4998 -1.6094 -1.7252 -1.8355 -1.5855
 -1.3355 -1.0855 -0.8355 -0.5855 -0.3355 -0.1736 -0.1949 -0.2163 -0.2378
 -0.2593 -0.2809 -0.3026 -0.327 ]
Ly_res:  [1.0991 1.0991 1.2149 1.3306 1.4349 1.4895 1.4961 1.4889 1.5809 1.7427
 1.8312 1.8505 1.8814 2.107  2.357  2.3414 2.3257 2.3101 2.2946 2.2791
 2.2636 2.2595]
Lz_res:  [ 1.0991  1.0991  1.0342  0.9184  0.8026  0.6869  0.5711  0.4554  0.2865
  0.0365 -0.2135 -0.4635 -0.7135 -0.9635 -1.2135 -1.2385 -1.2635 -1.2885
 -1.3135 -1.3385 -1.3635 -1.3885]
Ldotx_res:  [ 5.1785e-12 -2.6613e+00 -2.7246e+00 -2.8786e+00 -3.3139e+00 -3.5000e+00
 -3.3354e+00  3.5000e+00  3.5000e+00  3.5000e+00  3.5000e+00  3.5000e+00
  3.4999e+00  2.2658e+00 -2.9837e+00 -2.9927e+00 -3.0020e+00 -3.0118e+00
 -3.0236e+00 -3.0428e+00 -3.4169e+00  3.5050e-15]
Ldoty_res:  [-2.4928e-12  3.5000e+00  3.5000e+00  3.1532e+00  1.6516e+00  1.9716e-01
 -2.1818e-01  1.2881e+00  2.2656e+00  1.2397e+00  2.7002e-01  4.3166e-01
  3.1596e+00  3.5000e+00 -2.1943e+00 -2.1885e+00 -2.1827e+00 -2.1770e+00
 -2.1709e+00 -2.1633e+00 -5.8048e-01 -1.7423e-15]
Ldotz_res:  [-2.4928e-12 -1.9649e+00 -3.5000e+00 -3.5000e+00 -3.5000e+00 -3.5000e+00
 -3.5000e+00 -2.3649e+00 -3.5000e+00 -3.5000e+00 -3.5000e+00 -3.5000e+00
 -3.5000e+00 -3.5000e+00 -3.5000e+00 -3.4999e+00 -3.4999e+00 -3.4998e+00
 -3.4998e+00 -3.4997e+00 -3.4997e+00 -3.2454e+00]
px_res:  [1.5507]
py_res:  [0.0891]
pz_res:  [0.]
Ts_res:  [0.2315 0.7315 0.7815]
FR1x_res:  [-1.4469e-05  3.1965e-06 -8.5621e-09 -9.1474e-09 -5.5075e-09 -1.5955e-09
 -1.9987e-08  1.7818e-09 -9.1824e+00 -1.9182e+01 -2.4524e+01  2.0320e-04
 -2.2276e-07  3.9432e-06 -1.0108e-02 -9.4288e-03 -1.3144e-02 -2.7290e-02
 -8.4417e-02 -8.4652e-01  4.7245e+00  6.0138e-05]
FR1y_res:  [-2.2935e-05 -1.3999e-05 -3.9939e-09 -4.3463e-09 -3.3383e-09 -1.1045e-09
 -3.0513e-08  6.6495e-09  9.1824e+00  1.9183e+01  2.4524e+01 -2.7916e-04
  7.9687e-07 -5.4904e-06  1.1367e-02  6.0453e-03  9.6384e-03  3.5696e-02
  1.6103e-01  2.6863e+00  4.4117e+00 -8.9357e-05]
FR1z_res:  [1.2794e-04 3.0516e-04 3.6328e-04 4.3150e-04 4.5339e-04 4.6614e-04
 5.0845e-04 3.6459e-04 3.0608e+01 6.3942e+01 8.1748e+01 4.6807e-02
 8.5396e-03 2.2252e-02 2.5518e+00 2.9233e+00 3.4932e+00 4.5012e+00
 6.8912e+00 1.4305e+01 1.1687e+02 3.3333e+02]
Second Level Results:
x_res:  [0.9996 0.9965 0.9949 0.9946 0.9957 0.9981 1.0016 1.0064 1.0167 1.0302
 1.0465 1.0654 1.0865 1.1097 1.1345 1.1494 1.1648 1.1807 1.1969 1.2135
 1.2304 1.2477 1.2785 1.3101 1.3424 1.3754 1.409  1.4429 1.4771 1.4968
 1.5165 1.5363 1.5562 1.5761 1.5961 1.6161 1.6513 1.6867 1.7222 1.7579
 1.7938 1.8299 1.8661 1.8869 1.9078 1.9287 1.9497 1.9707 1.9917 2.0129
 2.0499 2.0871 2.1245 2.162  2.1996 2.2374 2.2753 2.2971 2.3189 2.3408
 2.3627 2.3846 2.4066 2.4286 2.4672 2.506  2.5448 2.5838 2.623  2.6622
 2.7016 2.7241 2.7467 2.7693 2.792  2.8147 2.8374 2.8602 2.9001 2.9401
 2.9802 3.0204 3.0607 3.1011 3.1416 3.1648 3.188  3.2112 3.2345 3.2578
 3.2811 3.3044 3.3453 3.3863 3.4274 3.4685 3.5097 3.5509 3.5923 3.6159
 3.6396 3.6633 3.687  3.7107 3.7344 3.7582 3.7998 3.8415 3.8832 3.9249
 3.9667 4.0086 4.0504 4.0744 4.0983 4.1223 4.1463 4.1703 4.1943 4.2183
 4.2603 4.3024 4.3444 4.3865 4.4286 4.4708 4.5129 4.537  4.5611 4.5852
 4.6093 4.6334 4.6574 4.6815]
y_res:  [-8.4006e-02 -9.3280e-02 -1.0197e-01 -1.1010e-01 -1.1767e-01 -1.2471e-01
 -1.3122e-01 -1.3723e-01 -1.4688e-01 -1.5511e-01 -1.6199e-01 -1.6761e-01
 -1.7204e-01 -1.7537e-01 -1.7768e-01 -1.7846e-01 -1.7895e-01 -1.7918e-01
 -1.7917e-01 -1.7893e-01 -1.7849e-01 -1.7785e-01 -1.7644e-01 -1.7456e-01
 -1.7231e-01 -1.6977e-01 -1.6702e-01 -1.6414e-01 -1.6121e-01 -1.5956e-01
 -1.5791e-01 -1.5628e-01 -1.5466e-01 -1.5305e-01 -1.5146e-01 -1.4987e-01
 -1.4711e-01 -1.4439e-01 -1.4169e-01 -1.3903e-01 -1.3640e-01 -1.3380e-01
 -1.3123e-01 -1.2978e-01 -1.2833e-01 -1.2690e-01 -1.2548e-01 -1.2406e-01
 -1.2266e-01 -1.2127e-01 -1.1884e-01 -1.1644e-01 -1.1407e-01 -1.1173e-01
 -1.0941e-01 -1.0711e-01 -1.0485e-01 -1.0356e-01 -1.0229e-01 -1.0102e-01
 -9.9766e-02 -9.8515e-02 -9.7272e-02 -9.6036e-02 -9.3887e-02 -9.1760e-02
 -8.9655e-02 -8.7572e-02 -8.5509e-02 -8.3466e-02 -8.1444e-02 -8.0299e-02
 -7.9161e-02 -7.8029e-02 -7.6903e-02 -7.5783e-02 -7.4669e-02 -7.3561e-02
 -7.1632e-02 -6.9720e-02 -6.7825e-02 -6.5946e-02 -6.4083e-02 -6.2235e-02
 -6.0402e-02 -5.9363e-02 -5.8328e-02 -5.7299e-02 -5.6273e-02 -5.5252e-02
 -5.4236e-02 -5.3223e-02 -5.1459e-02 -4.9707e-02 -4.7966e-02 -4.6237e-02
 -4.4520e-02 -4.2812e-02 -4.1115e-02 -4.0151e-02 -3.9190e-02 -3.8232e-02
 -3.7276e-02 -3.6324e-02 -3.5374e-02 -3.4427e-02 -3.2775e-02 -3.1130e-02
 -2.9492e-02 -2.7861e-02 -2.6237e-02 -2.4619e-02 -2.3006e-02 -2.2087e-02
 -2.1170e-02 -2.0255e-02 -1.9341e-02 -1.8429e-02 -1.7518e-02 -1.6608e-02
 -1.5018e-02 -1.3431e-02 -1.1848e-02 -1.0267e-02 -8.6889e-03 -7.1126e-03
 -5.5380e-03 -4.6390e-03 -3.7404e-03 -2.8421e-03 -1.9441e-03 -1.0462e-03
 -1.4848e-04  7.4920e-04]
z_res:  [0.6396 0.6311 0.624  0.618  0.6132 0.6093 0.6064 0.6042 0.6015 0.6003
 0.6    0.6    0.6001 0.6004 0.6008 0.601  0.6013 0.6016 0.602  0.6023
 0.6027 0.6031 0.6038 0.6045 0.6053 0.606  0.6068 0.6076 0.6085 0.6089
 0.6094 0.6099 0.6104 0.6108 0.6113 0.6118 0.6126 0.6135 0.6143 0.6152
 0.616  0.6169 0.6178 0.6183 0.6188 0.6193 0.6198 0.6203 0.6208 0.6213
 0.6222 0.6231 0.624  0.6249 0.6258 0.6267 0.6276 0.6281 0.6286 0.6292
 0.6297 0.6302 0.6307 0.6313 0.6322 0.6331 0.6341 0.635  0.6359 0.6369
 0.6378 0.6384 0.6389 0.6395 0.64   0.6406 0.6411 0.6417 0.6427 0.6436
 0.6446 0.6456 0.6466 0.6475 0.6485 0.6491 0.6497 0.6502 0.6508 0.6514
 0.6519 0.6525 0.6535 0.6545 0.6555 0.6565 0.6575 0.6585 0.6596 0.6601
 0.6607 0.6613 0.6619 0.6625 0.6631 0.6637 0.6647 0.6657 0.6667 0.6678
 0.6688 0.6698 0.6709 0.6715 0.6721 0.6727 0.6733 0.6739 0.6745 0.6751
 0.6761 0.6771 0.6782 0.6792 0.6803 0.6813 0.6824 0.683  0.6836 0.6842
 0.6848 0.6854 0.686  0.6866]
xdot_res:  [-0.0544 -0.029  -0.0046  0.0189  0.0414  0.0629  0.0835  0.1032  0.1346
  0.1631  0.1888  0.2114  0.2312  0.2481  0.262   0.2696  0.2769  0.2837
  0.2903  0.2965  0.3023  0.3078  0.3163  0.3237  0.33    0.3352  0.3393
  0.3423  0.3443  0.3454  0.3465  0.3475  0.3486  0.3497  0.3507  0.3518
  0.3536  0.3554  0.3572  0.3589  0.3606  0.3623  0.364   0.3649  0.3659
  0.3668  0.3677  0.3687  0.3696  0.3705  0.372   0.3735  0.375   0.3765
  0.378   0.3794  0.3808  0.3816  0.3824  0.3832  0.3839  0.3847  0.3855
  0.3862  0.3875  0.3887  0.39    0.3912  0.3924  0.3936  0.3947  0.3953
  0.396   0.3966  0.3972  0.3978  0.3984  0.399   0.4001  0.4011  0.402
  0.403   0.4039  0.4048  0.4057  0.4062  0.4067  0.4072  0.4076  0.4081
  0.4086  0.409   0.4098  0.4105  0.4112  0.4119  0.4126  0.4132  0.4138
  0.4142  0.4145  0.4148  0.4152  0.4155  0.4158  0.4161  0.4166  0.4171
  0.4175  0.4179  0.4184  0.4187  0.4191  0.4193  0.4195  0.4197  0.4198
  0.42    0.4202  0.4203  0.4205  0.4208  0.4209  0.4211  0.4213  0.4214
  0.4215  0.4215  0.4216  0.4216  0.4216  0.4216  0.4216  0.4216]
ydot_res:  [-0.1623 -0.1521 -0.1422 -0.1325 -0.1231 -0.114  -0.1051 -0.0965 -0.0823
 -0.0688 -0.0562 -0.0443 -0.0333 -0.0231 -0.0137 -0.0086 -0.004   0.0002
  0.0041  0.0077  0.0111  0.0142  0.0187  0.0225  0.0254  0.0275  0.0288
  0.0293  0.0289  0.0287  0.0285  0.0283  0.0282  0.028   0.0278  0.0276
  0.0273  0.0269  0.0266  0.0263  0.026   0.0257  0.0254  0.0252  0.0251
  0.0249  0.0247  0.0246  0.0244  0.0243  0.024   0.0237  0.0234  0.0232
  0.0229  0.0227  0.0224  0.0223  0.0222  0.022   0.0219  0.0218  0.0216
  0.0215  0.0213  0.0211  0.0208  0.0206  0.0204  0.0202  0.02    0.0199
  0.0198  0.0197  0.0196  0.0195  0.0194  0.0193  0.0191  0.019   0.0188
  0.0186  0.0185  0.0183  0.0182  0.0181  0.018   0.0179  0.0179  0.0178
  0.0177  0.0176  0.0175  0.0174  0.0173  0.0172  0.0171  0.017   0.0169
  0.0168  0.0168  0.0167  0.0167  0.0166  0.0166  0.0165  0.0164  0.0164
  0.0163  0.0162  0.0162  0.0161  0.0161  0.016   0.016   0.016   0.016
  0.0159  0.0159  0.0159  0.0159  0.0158  0.0158  0.0158  0.0158  0.0157
  0.0157  0.0157  0.0157  0.0157  0.0157  0.0157  0.0157  0.0157]
zdot_res:  [-1.4830e-01 -1.2524e-01 -1.0406e-01 -8.4786e-02 -6.7402e-02 -5.1914e-02
 -3.8319e-02 -2.6619e-02 -1.1945e-02 -3.0721e-03  7.2005e-07  1.3171e-03
  2.5325e-03  3.6510e-03  4.6737e-03  5.1791e-03  5.6057e-03  5.9536e-03
  6.2233e-03  6.4732e-03  6.7071e-03  6.9251e-03  7.2582e-03  7.5431e-03
  7.7798e-03  7.9684e-03  8.1089e-03  8.2014e-03  8.2458e-03  8.2711e-03
  8.2963e-03  8.3213e-03  8.3463e-03  8.3710e-03  8.3957e-03  8.4203e-03
  8.4629e-03  8.5052e-03  8.5472e-03  8.5889e-03  8.6304e-03  8.6715e-03
  8.7125e-03  8.7358e-03  8.7590e-03  8.7822e-03  8.8053e-03  8.8282e-03
  8.8511e-03  8.8739e-03  8.9135e-03  8.9529e-03  8.9919e-03  9.0307e-03
  9.0692e-03  9.1075e-03  9.1455e-03  9.1671e-03  9.1887e-03  9.2102e-03
  9.2315e-03  9.2528e-03  9.2740e-03  9.2950e-03  9.3315e-03  9.3676e-03
  9.4034e-03  9.4389e-03  9.4740e-03  9.5088e-03  9.5433e-03  9.5629e-03
  9.5823e-03  9.6017e-03  9.6209e-03  9.6400e-03  9.6589e-03  9.6777e-03
  9.7101e-03  9.7421e-03  9.7736e-03  9.8047e-03  9.8353e-03  9.8654e-03
  9.8950e-03  9.9119e-03  9.9285e-03  9.9450e-03  9.9613e-03  9.9774e-03
  9.9934e-03  1.0009e-02  1.0036e-02  1.0062e-02  1.0088e-02  1.0113e-02
  1.0138e-02  1.0162e-02  1.0185e-02  1.0198e-02  1.0211e-02  1.0224e-02
  1.0236e-02  1.0249e-02  1.0261e-02  1.0272e-02  1.0292e-02  1.0311e-02
  1.0329e-02  1.0347e-02  1.0363e-02  1.0379e-02  1.0394e-02  1.0402e-02
  1.0410e-02  1.0418e-02  1.0426e-02  1.0433e-02  1.0440e-02  1.0446e-02
  1.0457e-02  1.0467e-02  1.0475e-02  1.0483e-02  1.0490e-02  1.0496e-02
  1.0500e-02  1.0503e-02  1.0505e-02  1.0506e-02  1.0508e-02  1.0508e-02
  1.0509e-02  1.0509e-02]
px_res:  [1.868  2.1853 2.5026 2.8199 3.1372 3.4546 3.7719 4.0892 4.3055]
py_res:  [-0.2849  0.08   -0.2941  0.08   -0.2941  0.08   -0.2941  0.08   -0.1777]
pz_res:  [0. 0. 0. 0. 0. 0. 0. 0. 0.]
Ts_res:  [0.1506 0.5128 0.6726 1.0307 1.1876 1.5434 1.6985 2.0529 2.2067 2.56
 2.7128 3.0652 3.2172 3.5688 3.7201 4.0711 4.2219 4.5724 4.7226]
The  3 Round:
[[10.  -0.5 -0.5 10. ]
 [ 0.5  0.5 -0.5 -0.5]
 [ 0.   0.   0.   0. ]]
[[10.  -0.5 -0.5 10. ]
 [ 0.5  0.5 -0.5 -0.5]
 [ 0.   0.   0.   0. ]]
[[10.  -0.5 -0.5 10. ]
 [ 0.5  0.5 -0.5 -0.5]
 [ 0.   0.   0.   0. ]]
[[10.  -0.5 -0.5 10. ]
 [ 0.5  0.5 -0.5 -0.5]
 [ 0.   0.   0.   0. ]]
[[10.  -0.5 -0.5 10. ]
 [ 0.5  0.5 -0.5 -0.5]
 [ 0.   0.   0.   0. ]]
[[10.  -0.5 -0.5 10. ]
 [ 0.5  0.5 -0.5 -0.5]
 [ 0.   0.   0.   0. ]]
[[10.  -0.5 -0.5 10. ]
 [ 0.5  0.5 -0.5 -0.5]
 [ 0.   0.   0.   0. ]]
[[10.  -0.5 -0.5 10. ]
 [ 0.5  0.5 -0.5 -0.5]
 [ 0.   0.   0.   0. ]]
[[10.  -0.5 -0.5 10. ]
 [ 0.5  0.5 -0.5 -0.5]
 [ 0.   0.   0.   0. ]]
[[10.  -0.5 -0.5 10. ]
 [ 0.5  0.5 -0.5 -0.5]
 [ 0.   0.   0.   0. ]]

=======================================
           Academic License
       (NOT FOR COMMERCIAL USE)
         Artelys Knitro 10.3.0
=======================================

Knitro presolve eliminated 295 variables and 18242 constraints.

Knitro changing algorithm from AUTO to 1.
Knitro changing bar_initpt from AUTO to 3.
Knitro changing bar_murule from AUTO to 4.
Knitro changing bar_penaltycons from AUTO to 1.
Knitro changing bar_penaltyrule from AUTO to 2.
Knitro changing bar_switchrule from AUTO to 2.
Knitro changing linesearch from AUTO to 1.
Knitro changing linsolver from AUTO to 5.
Knitro shifted start point to satisfy presolved bounds (94 variables).
Knitro fixing 295 variables eliminated from the presolve.

Problem Characteristics                    ( Presolved)
-----------------------
Objective goal:  Minimize
Number of variables:                        2455 (      2160)
    bounded below only:                        0 (         0)
    bounded above only:                        0 (         0)
    bounded below and above:                2455 (      2160)
    fixed:                                     0 (         0)
    free:                                      0 (         0)
Number of constraints:                     36259 (     18037)
    linear equalities:                      1405 (       807)
    nonlinear equalities:                    294 (       294)
    linear one-sided inequalities:         34538 (     16936)
    nonlinear one-sided inequalities:          0 (         0)
    linear two-sided inequalities:            22 (         0)
    nonlinear two-sided inequalities:          0 (         0)
Number of nonzeros in Jacobian:           192137 (     83782)
Number of nonzeros in Hessian:              6141 (      4704)

  Iter      Objective      FeasError   OptError    ||Step||    CGits 
--------  --------------  ----------  ----------  ----------  -------
       0    3.216936e+02   5.236e+01
      10    6.170252e+02   2.402e+01   4.248e+02   2.850e+02        0
      20    6.753707e+02   1.135e+01   1.313e+04   1.777e+02        0
      30    7.127483e+02   5.625e+00   4.408e+03   1.342e+02        0
      40    7.003967e+02   2.564e+00   2.693e+03   7.981e+01        0
      50    5.293400e+02   1.630e-01   1.648e+03   1.279e+02        0
      60    3.835599e+02   1.762e-02   2.192e+03   9.291e+01        0
      70    3.823840e+02   1.763e-02   3.142e+02   3.318e-01        0
      80    3.821882e+02   1.756e-02   3.142e+02   3.613e+00        0
      90    3.830350e+02   1.763e-02   3.142e+02   6.217e+01        0
     100    4.338891e+02   1.778e-02   3.142e+02   1.038e+02        0
     110    4.636835e+02   1.760e-02   3.142e+02   2.026e+01        0
     120    4.628897e+02   1.755e-02   3.142e+02   1.529e+01        0
     130    4.623890e+02   1.752e-02   3.142e+02   4.674e+01        0
     140    4.619044e+02   1.759e-02   3.142e+02   6.552e+00        0
     150    4.621111e+02   1.755e-02   3.142e+02   3.140e+01        0
     160    4.626524e+02   1.756e-02   3.142e+02   2.372e+00        0
     170    4.796898e+02   2.044e-01   6.413e+05   2.861e+00        0
     180    5.047030e+02   5.178e-01   5.060e+05   7.905e-01        0
     190    5.312437e+02   8.544e-01   3.988e+05   3.192e+00        0
     200    5.768990e+02   1.417e+00   2.638e+05   1.340e+00        0
     210    6.953786e+02   2.501e+00   6.265e+04   3.995e+00        0
     220    9.713908e+02   8.393e-01   1.127e+03   9.096e+02        0
     230    6.925630e+02   4.973e-01   2.818e+02   3.559e+02        0
     240    7.184519e+02   4.573e-01   3.017e+02   1.670e+02        0
     250    7.224767e+02   8.650e-01   3.143e+02   1.505e+02        0
     260    7.477174e+02   2.622e-01   2.825e+02   1.921e+01        0
     270    7.869485e+02   1.855e-01   3.551e+02   1.723e+02        0
     280    7.926039e+02   1.819e-01   4.070e+02   1.257e+01        0
     290    7.932969e+02   1.818e-01   4.104e+02   7.304e+00        0
     291    7.932968e+02   1.818e-01   4.104e+02   8.829e-05        0

EXIT: Convergence to an infeasible point. Problem appears to be locally
      infeasible. If problem is believed to be feasible, try multistart 
      to search for feasible points, or decrease infeastol.

Final Statistics
----------------
Final objective value               =   7.93296840597592e+02
Final feasibility error (abs / rel) =   1.82e-01 / 3.47e-03
Final optimality error  (abs / rel) =   4.10e+02 / 1.00e+00
# of iterations                     =        291 
# of CG iterations                  =        340 
# of function evaluations           =        630
# of gradient evaluations           =        293
# of Hessian evaluations            =        292
Total program time (secs)           =      15.22630 (    15.223 CPU time)
Time spent in evaluations (secs)    =       1.03718

===============================================================================

      solver  :   t_proc      (avg)   t_wall      (avg)    n_eval
      nlp_fg  | 629.81ms (998.11us) 629.08ms (996.95us)       631
   nlp_gf_jg  | 358.85ms (  1.22ms) 358.70ms (  1.22ms)       293
    nlp_grad  |   2.38ms (  2.38ms)   2.38ms (  2.38ms)         1
  nlp_hess_l  |  37.19ms (127.35us)  36.91ms (126.42us)       292
       total  |  15.43 s ( 15.43 s)  15.60 s ( 15.60 s)         1
Fail at Round  3
Total Program Time:  15.4281
Accumulated Full Cost is:  10.5246
Accumulated Acc Cost is:  6.4799
Accumulated Momentum Cost is:  4.0447
Total Cost is:  820.6605
Terminal Cost is:  810.1359
Terminal X position is:  0.9996
Terminal Y position is:  -0.084
Terminal Z position is:  0.6396
