==================================================================
A new Round
 
Initial Seed Type:  previous
Chosen Solver:  CoM
Number of LookAhead:  5
Flat Terrain, use the default set up of terrain tangent and norm
The  0 Round:
[[10.  -0.5 -0.5 10. ]
 [ 0.5  0.5 -0.5 -0.5]
 [ 0.   0.   0.   0. ]]
[[10.  -0.5 -0.5 10. ]
 [ 0.5  0.5 -0.5 -0.5]
 [ 0.   0.   0.   0. ]]
[[10.  -0.5 -0.5 10. ]
 [ 0.5  0.5 -0.5 -0.5]
 [ 0.   0.   0.   0. ]]
[[10.  -0.5 -0.5 10. ]
 [ 0.5  0.5 -0.5 -0.5]
 [ 0.   0.   0.   0. ]]
[[10.  -0.5 -0.5 10. ]
 [ 0.5  0.5 -0.5 -0.5]
 [ 0.   0.   0.   0. ]]

=======================================
           Academic License
       (NOT FOR COMMERCIAL USE)
         Artelys Knitro 10.3.0
=======================================

Knitro presolve eliminated 185 variables and 10390 constraints.

Knitro changing algorithm from AUTO to 1.
Knitro changing bar_initpt from AUTO to 3.
Knitro changing bar_murule from AUTO to 4.
Knitro changing bar_penaltycons from AUTO to 1.
Knitro changing bar_penaltyrule from AUTO to 2.
Knitro changing bar_switchrule from AUTO to 2.
Knitro changing linesearch from AUTO to 1.
Knitro changing linsolver from AUTO to 5.
Knitro shifted start point to satisfy presolved bounds (314 variables).
Knitro fixing 185 variables eliminated from the presolve.

Problem Characteristics                    ( Presolved)
-----------------------
Objective goal:  Minimize
Number of variables:                        1590 (      1405)
    bounded below only:                        0 (         0)
    bounded above only:                        0 (         0)
    bounded below and above:                1590 (      1405)
    fixed:                                     0 (         0)
    free:                                      0 (         0)
Number of constraints:                     20479 (     10099)
    linear equalities:                       755 (       387)
    nonlinear equalities:                    294 (       294)
    linear one-sided inequalities:         19418 (      9418)
    nonlinear one-sided inequalities:          0 (         0)
    linear two-sided inequalities:            12 (         0)
    nonlinear two-sided inequalities:          0 (         0)
Number of nonzeros in Jacobian:           103097 (     46608)
Number of nonzeros in Hessian:              5511 (      4284)

  Iter      Objective      FeasError   OptError    ||Step||    CGits 
--------  --------------  ----------  ----------  ----------  -------
       0    2.052109e+03   1.909e+03
      10    1.911027e+03   1.403e+03   1.942e+02   1.120e+02        0
      20    1.662917e+03   1.158e+03   1.944e+02   6.784e+02        0
      30    1.598633e+03   1.076e+03   2.846e+02   1.412e+02        0
      40    1.558952e+03   1.023e+03   4.216e+02   1.396e+02        0
      50    1.527685e+03   9.816e+02   4.703e+02   1.308e+02        0
      60    1.521688e+03   9.672e+02   5.079e+02   4.055e-01        0
      70    1.505847e+03   9.431e+02   5.411e+02   2.586e+02        0
      80    1.473540e+03   9.111e+02   5.419e+02   1.461e+02        0
      90    1.442221e+03   8.833e+02   5.505e+02   8.161e+01        0
     100    1.423571e+03   8.553e+02   5.580e+02   2.023e+02        0
     110    1.409578e+03   8.326e+02   5.718e+02   1.022e+02        0
     120    1.403814e+03   8.150e+02   5.854e+02   2.130e+01        0
     130    1.397909e+03   7.996e+02   5.943e+02   1.434e+02        0
     140    1.399640e+03   7.826e+02   5.046e+02   1.029e+02        0
     150    1.391532e+03   7.616e+02   5.017e+02   2.954e+02        0
     160    1.380171e+03   7.322e+02   4.618e+02   9.283e+01        0
     170    1.374645e+03   7.047e+02   4.620e+02   5.983e+01        0
     180    1.359413e+03   6.551e+02   4.725e+02   5.806e+01        0
     190    1.359883e+03   6.338e+02   4.849e+02   1.101e+02        0
     200    1.350740e+03   6.071e+02   4.712e+02   1.135e+02        0
     210    1.345817e+03   5.747e+02   4.622e+02   7.681e+01        0
     220    1.344753e+03   5.569e+02   4.520e+02   8.745e+01        0
     230    1.344490e+03   5.419e+02   4.280e+02   4.889e+00        0
     240    1.343718e+03   5.322e+02   4.064e+02   6.184e+01        0
     250    1.340999e+03   5.065e+02   3.807e+02   1.046e+02        0
     260    1.348366e+03   4.893e+02   3.487e+02   3.586e+01        0
     270    1.343609e+03   4.723e+02   3.279e+02   2.317e+01        0
     280    1.342631e+03   4.591e+02   3.171e+02   1.852e+01        0
     290    1.346844e+03   4.438e+02   2.961e+02   1.347e+01        0
     300    1.351808e+03   4.201e+02   2.747e+02   4.071e+01        0
     310    1.360661e+03   4.003e+02   2.724e+02   1.492e+00        0
     320    1.359474e+03   3.750e+02   2.887e+02   1.461e+02        0
     330    1.355972e+03   3.523e+02   3.435e+02   4.183e+01        0
     340    1.334511e+03   3.307e+02   3.346e+02   3.522e+01        0
     350    1.328542e+03   3.158e+02   3.283e+02   3.381e+01        0
     360    1.329585e+03   3.016e+02   3.221e+02   5.831e+01        0
     370    1.330027e+03   2.863e+02   3.073e+02   5.383e+01        0
     380    1.314894e+03   2.819e+02   2.995e+02   1.238e+01        0
     390    1.310131e+03   2.643e+02   2.843e+02   2.788e+01        0
     400    1.300401e+03   2.483e+02   2.841e+02   5.918e+01        0
     410    1.294048e+03   2.382e+02   2.571e+02   8.912e+01        0
     420    1.289895e+03   2.298e+02   2.297e+02   1.355e+02        0
     430    1.308203e+03   2.228e+02   2.221e+02   3.144e+01        0
     440    1.300614e+03   2.159e+02   1.895e+02   3.565e+02        0
     450    1.333416e+03   2.068e+02   2.970e+02   2.123e+02        0
     460    1.344710e+03   1.935e+02   4.468e+02   8.432e+01        0
     470    1.310891e+03   1.852e+02   5.328e+02   1.035e+02        0
     480    1.292830e+03   1.770e+02   2.292e+04   8.115e+01        0
     490    1.274244e+03   1.688e+02   1.253e+05   7.909e+01        0
     500    1.273778e+03   1.622e+02   1.883e+04   1.677e+01        0
     510    1.254534e+03   2.201e+02   1.883e+04   1.179e+01       12
     520    1.219184e+03   2.059e+02   1.883e+04   4.570e+01        0
     530    1.220121e+03   1.385e+02   1.883e+04   5.588e+01        0
     540    1.204788e+03   1.313e+02   1.883e+04   5.415e+01        0
     550    1.184875e+03   1.227e+02   1.883e+04   1.502e+01        6
     560    1.170720e+03   1.201e+02   1.883e+04   1.273e+02        0
     570    1.163752e+03   1.158e+02   1.883e+04   5.651e+01        0
     580    1.162135e+03   1.103e+02   1.883e+04   6.154e+01        0
     590    1.155992e+03   1.033e+02   1.883e+04   6.477e+01        0
     600    1.154484e+03   9.773e+01   1.883e+04   2.989e+01        0
     610    1.124589e+03   9.015e+01   1.883e+04   4.888e+01        0
     620    1.104980e+03   8.289e+01   2.086e+03   1.423e+02        0
     630    1.107361e+03   7.258e+01   3.715e+02   3.339e+01       18
     640    9.744090e+02   3.605e+01   3.715e+02   4.816e+02        0
     650    8.436117e+02   4.487e+00   4.534e+02   2.921e+02        0
     660    5.749100e+02   4.798e-02   6.418e+01   2.761e+02        0
     670    5.696188e+02   2.942e-02   3.122e-02   1.153e+02        0
     680    5.695585e+02   7.662e-05   1.376e-01   1.236e+01        0
     690    5.695071e+02   6.980e-05   1.279e-04   6.064e+01        0
     691    5.695071e+02   7.701e-06   1.160e-05   5.656e-02        0

EXIT: Locally optimal solution found.

Final Statistics
----------------
Final objective value               =   5.69507058140999e+02
Final feasibility error (abs / rel) =   7.70e-06 / 4.03e-09
Final optimality error  (abs / rel) =   1.16e-05 / 1.76e-07
# of iterations                     =        691 
# of CG iterations                  =        776 
# of function evaluations           =        704
# of gradient evaluations           =        693
# of Hessian evaluations            =        691
Total program time (secs)           =      14.47827 (    14.477 CPU time)
Time spent in evaluations (secs)    =       0.93047

===============================================================================

      solver  :   t_proc      (avg)   t_wall      (avg)    n_eval
      nlp_fg  | 386.44ms (548.14us) 385.26ms (546.46us)       705
   nlp_gf_jg  | 449.32ms (648.37us) 448.62ms (647.36us)       693
    nlp_grad  |   1.18ms (  1.18ms)   1.18ms (  1.18ms)         1
  nlp_hess_l  |  77.90ms (112.73us)  77.44ms (112.07us)       691
       total  |  14.96 s ( 14.96 s)  14.85 s ( 14.85 s)         1
Round  0 True
Full Cost Value:  0.06098624131231144
Acceleration:  0.042362331906551254
Momentum:  0.01862390940576018
Total Program Time:  14.9561
First Level NLP Results:
x_res:  [0.6    0.6    0.6002 0.6006 0.6012 0.602  0.6031 0.6044 0.6069 0.6103
 0.6144 0.6195 0.6255 0.6325 0.6405 0.6414 0.6423 0.6432 0.6441 0.645
 0.646  0.6469]
y_res:  [ 0.0000e+00  5.5429e-12 -5.3897e-04 -1.5562e-03 -2.9914e-03 -4.7844e-03
 -6.8750e-03 -9.2028e-03 -1.3375e-02 -1.7262e-02 -2.0495e-02 -2.2876e-02
 -2.4370e-02 -2.5086e-02 -2.5269e-02 -2.5268e-02 -2.5266e-02 -2.5263e-02
 -2.5260e-02 -2.5256e-02 -2.5252e-02 -2.5248e-02]
z_res:  [0.65   0.65   0.6501 0.6503 0.6506 0.6509 0.6514 0.6519 0.6529 0.6539
 0.6548 0.6557 0.6565 0.6573 0.658  0.6581 0.6581 0.6582 0.6583 0.6583
 0.6584 0.6585]
xdot_res:  [0.     0.0045 0.0092 0.0141 0.0192 0.0246 0.0302 0.036  0.0466 0.0584
 0.0709 0.0841 0.0979 0.112  0.1248 0.1259 0.127  0.1281 0.1293 0.1304
 0.1316 0.1327]
ydot_res:  [ 0.     -0.0126 -0.0237 -0.0335 -0.0418 -0.0488 -0.0543 -0.0584 -0.0544
 -0.0453 -0.0333 -0.0209 -0.01   -0.0026  0.0002  0.0003  0.0004  0.0004
  0.0005  0.0005  0.0006  0.0006]
zdot_res:  [0.     0.0024 0.0046 0.0066 0.0086 0.0104 0.012  0.0135 0.0139 0.0135
 0.0126 0.0114 0.0104 0.0097 0.0094 0.0094 0.0094 0.0095 0.0095 0.0095
 0.0095 0.0095]
Lx_res:  [ 0.0000e+00 -5.5871e-14 -2.8446e-05 -7.1761e-05 -1.4465e-04 -1.1923e-03
 -1.2209e-01 -2.7209e-01 -1.0731e-01 -4.9156e-02  1.4104e-02  7.1080e-02
  1.3288e-01  1.7767e-01  2.1312e-01  1.9273e-01  1.7612e-01  1.5394e-01
  1.3295e-01  1.1376e-01  9.4093e-02  8.3764e-02]
Ly_res:  [ 0.0000e+00  2.7786e-14  9.0377e-06  2.9251e-05  4.7744e-05 -6.6701e-04
 -3.4837e-03  2.2207e-02  2.5095e-02  1.0138e-02  1.8404e-02  2.1481e-02
  1.2747e-02 -4.8616e-02 -8.9608e-02 -9.6811e-02 -9.8046e-02 -9.1171e-02
 -8.2279e-02 -7.1005e-02 -6.0325e-02 -5.9593e-02]
Lz_res:  [ 0.0000e+00  5.7956e-14  3.0450e-06  1.5957e-05  1.3529e-05 -1.7101e-03
  5.3235e-03  6.7275e-02  1.9197e-01  1.4695e-01  3.8987e-02 -3.2577e-02
 -9.2673e-02 -1.4347e-01 -2.1972e-01 -2.4035e-01 -2.5441e-01 -2.6258e-01
 -2.6898e-01 -2.7390e-01 -2.7761e-01 -2.8267e-01]
Ldotx_res:  [ 0.0000e+00 -6.6374e-04 -1.0107e-03 -1.7008e-03 -2.4444e-02 -2.8209e+00
 -3.5000e+00  2.3069e+00  8.1415e-01  8.8564e-01  7.9766e-01  8.6516e-01
  6.2713e-01  4.9631e-01 -2.8547e+00 -2.3258e+00 -3.1052e+00 -2.9383e+00
 -2.6868e+00 -2.7533e+00 -1.4460e+00 -1.7543e-11]
Ldoty_res:  [ 0.0000e+00  2.1088e-04  4.7164e-04  4.3150e-04 -1.6678e-02 -6.5724e-02
  5.9945e-01  4.0439e-02 -2.0940e-01  1.1572e-01  4.3082e-02 -1.2228e-01
 -8.5908e-01 -5.7389e-01 -1.0084e+00 -1.7293e-01  9.6243e-01  1.2450e+00
  1.5783e+00  1.4952e+00  1.0254e-01  1.6466e-11]
Ldotz_res:  [ 0.0000e+00  7.1050e-05  3.0127e-04 -5.6649e-05 -4.0218e-02  1.6412e-01
  1.4455e+00  1.7457e+00 -6.3020e-01 -1.5115e+00 -1.0019e+00 -8.4134e-01
 -7.1109e-01 -1.0676e+00 -2.8885e+00 -1.9687e+00 -1.1432e+00 -8.9571e-01
 -6.8889e-01 -5.2027e-01 -7.0765e-01 -7.0945e-01]
px_res:  [0.9173]
py_res:  [0.2741]
pz_res:  [0.]
Ts_res:  [0.3  0.8  0.85]
FR1x_res:  [ 9.5597e-01  9.8242e-01  1.0466e+00  9.6141e-01  2.1694e+00  3.3481e+00
  1.7211e-01  2.7077e+01  1.2675e+01  7.0266e+00  8.4257e+00  8.8455e+00
  1.0162e+01  7.4980e+01  5.3574e-01  1.0911e+00  1.9283e+00  9.2087e-01
  5.0547e-01 -4.4777e-01  2.1698e+00 -5.8113e-03]
FR1y_res:  [-2.5919e+00 -2.3044e+00 -2.0028e+00 -2.3128e+00  1.0055e+00  3.4802e+00
  7.8565e-02 -1.1073e+02 -3.3630e+01  3.6322e+01  1.6797e+01  1.3507e+01
 -1.6582e+01 -4.0895e+01 -5.0859e-01 -1.0592e+00 -1.9057e+00 -8.9875e-01
 -4.6820e-01  4.1101e-01 -5.5947e-02  2.4602e-03]
FR1z_res:  [101.9209 102.5074 103.5947 106.2112 100.043   14.4299   1.9507 399.9997
 399.9999 399.9999 399.9999 399.9999 399.9997 399.9991   2.0486   3.9541
   6.8869   3.898    3.5939   7.5893 117.2075 333.3309]
Second Level Results:
x_res:  [0.6469 0.6545 0.6626 0.6712 0.6803 0.6899 0.6999 0.7105 0.7298 0.7506
 0.7727 0.7962 0.821  0.847  0.8744 0.8907 0.9074 0.9245 0.942  0.9599
 0.9781 0.9967 1.0298 1.064  1.0993 1.1355 1.1727 1.2108 1.2498 1.2725
 1.2956 1.3189 1.3425 1.3663 1.3904 1.4147 1.4577 1.5014 1.5457 1.5907
 1.6363 1.6824 1.7291 1.756  1.7831 1.8103 1.8377 1.8653 1.8929 1.9207
 1.9695 2.0187 2.0682 2.1179 2.1679 2.218  2.2683 2.2972 2.326  2.3549
 2.3839 2.4128 2.4418 2.4707]
y_res:  [-0.0252 -0.0252 -0.0252 -0.0251 -0.025  -0.025  -0.0249 -0.0248 -0.0246
 -0.0244 -0.0241 -0.0239 -0.0236 -0.0233 -0.0229 -0.0227 -0.0225 -0.0223
 -0.0221 -0.0219 -0.0216 -0.0214 -0.021  -0.0205 -0.0201 -0.0196 -0.0191
 -0.0186 -0.018  -0.0177 -0.0174 -0.0171 -0.0168 -0.0164 -0.0161 -0.0158
 -0.0152 -0.0146 -0.0139 -0.0133 -0.0127 -0.012  -0.0114 -0.011  -0.0106
 -0.0103 -0.0099 -0.0095 -0.0091 -0.0087 -0.008  -0.0073 -0.0067 -0.006
 -0.0053 -0.0046 -0.0039 -0.0035 -0.0031 -0.0027 -0.0023 -0.0019 -0.0015
 -0.0011]
z_res:  [0.6585 0.659  0.6595 0.6601 0.6606 0.6612 0.6617 0.6622 0.6632 0.6641
 0.665  0.6659 0.6668 0.6677 0.6686 0.6692 0.6697 0.6702 0.6707 0.6712
 0.6717 0.6722 0.6731 0.6739 0.6748 0.6757 0.6765 0.6774 0.6782 0.6787
 0.6792 0.6797 0.6802 0.6806 0.6811 0.6816 0.6824 0.6833 0.6841 0.685
 0.6858 0.6866 0.6875 0.6879 0.6884 0.6889 0.6893 0.6898 0.6903 0.6908
 0.6916 0.6924 0.6933 0.6941 0.6949 0.6958 0.6966 0.6971 0.6976 0.6981
 0.6986 0.699  0.6995 0.7   ]
xdot_res:  [0.1327 0.1416 0.1505 0.1592 0.1679 0.1764 0.1848 0.1931 0.2073 0.2212
 0.2348 0.248  0.2609 0.2734 0.2857 0.2925 0.2993 0.306  0.3125 0.3189
 0.3253 0.3315 0.3421 0.3523 0.3622 0.3718 0.381  0.39   0.3985 0.4033
 0.408  0.4126 0.4171 0.4215 0.4257 0.4299 0.4368 0.4434 0.4497 0.4556
 0.4613 0.4665 0.4715 0.4742 0.4768 0.4794 0.4818 0.4841 0.4862 0.4883
 0.4916 0.4946 0.4973 0.4996 0.5016 0.5032 0.5046 0.5052 0.5057 0.5062
 0.5065 0.5067 0.5068 0.5068]
ydot_res:  [0.0006 0.0008 0.001  0.0012 0.0014 0.0015 0.0017 0.0019 0.0021 0.0024
 0.0026 0.0029 0.0031 0.0033 0.0035 0.0036 0.0038 0.0039 0.004  0.0041
 0.0042 0.0043 0.0045 0.0047 0.0048 0.005  0.0051 0.0053 0.0054 0.0055
 0.0056 0.0057 0.0058 0.0058 0.0059 0.006  0.0061 0.0062 0.0063 0.0064
 0.0064 0.0065 0.0066 0.0066 0.0067 0.0067 0.0067 0.0068 0.0068 0.0068
 0.0069 0.0069 0.0069 0.007  0.007  0.007  0.007  0.007  0.007  0.007
 0.007  0.007  0.007  0.007 ]
zdot_res:  [0.0095 0.0095 0.0094 0.0094 0.0094 0.0094 0.0094 0.0093 0.0093 0.0092
 0.0092 0.0091 0.0091 0.009  0.0089 0.0089 0.0089 0.0089 0.0088 0.0088
 0.0088 0.0088 0.0087 0.0087 0.0086 0.0086 0.0086 0.0085 0.0085 0.0085
 0.0085 0.0084 0.0084 0.0084 0.0084 0.0084 0.0084 0.0084 0.0083 0.0083
 0.0083 0.0083 0.0083 0.0083 0.0083 0.0083 0.0083 0.0083 0.0083 0.0083
 0.0083 0.0083 0.0084 0.0084 0.0084 0.0084 0.0084 0.0084 0.0084 0.0084
 0.0085 0.0085 0.0085 0.0085]
px_res:  [1.2346 1.552  1.8692 2.0845]
py_res:  [-0.0998  0.2742 -0.08    0.1747]
pz_res:  [0. 0. 0. 0.]
Ts_res:  [0.1449 0.5041 0.6608 1.0156 1.1692 1.5217 1.6735 2.0246 2.1751]
The  1 Round:
[[10.  -0.5 -0.5 10. ]
 [ 0.5  0.5 -0.5 -0.5]
 [ 0.   0.   0.   0. ]]
[[10.  -0.5 -0.5 10. ]
 [ 0.5  0.5 -0.5 -0.5]
 [ 0.   0.   0.   0. ]]
[[10.  -0.5 -0.5 10. ]
 [ 0.5  0.5 -0.5 -0.5]
 [ 0.   0.   0.   0. ]]
[[10.  -0.5 -0.5 10. ]
 [ 0.5  0.5 -0.5 -0.5]
 [ 0.   0.   0.   0. ]]
[[10.  -0.5 -0.5 10. ]
 [ 0.5  0.5 -0.5 -0.5]
 [ 0.   0.   0.   0. ]]

=======================================
           Academic License
       (NOT FOR COMMERCIAL USE)
         Artelys Knitro 10.3.0
=======================================

Knitro presolve eliminated 185 variables and 10279 constraints.

Knitro changing algorithm from AUTO to 1.
Knitro changing bar_initpt from AUTO to 3.
Knitro changing bar_murule from AUTO to 4.
Knitro changing bar_penaltycons from AUTO to 1.
Knitro changing bar_penaltyrule from AUTO to 2.
Knitro changing bar_switchrule from AUTO to 2.
Knitro changing linesearch from AUTO to 1.
Knitro changing linsolver from AUTO to 5.
Knitro shifted start point to satisfy presolved bounds (244 variables).
Knitro fixing 185 variables eliminated from the presolve.

Problem Characteristics                    ( Presolved)
-----------------------
Objective goal:  Minimize
Number of variables:                        1590 (      1405)
    bounded below only:                        0 (         0)
    bounded above only:                        0 (         0)
    bounded below and above:                1590 (      1405)
    fixed:                                     0 (         0)
    free:                                      0 (         0)
Number of constraints:                     20479 (     10210)
    linear equalities:                       755 (       387)
    nonlinear equalities:                    294 (       294)
    linear one-sided inequalities:         19418 (      9529)
    nonlinear one-sided inequalities:          0 (         0)
    linear two-sided inequalities:            12 (         0)
    nonlinear two-sided inequalities:          0 (         0)
Number of nonzeros in Jacobian:           103097 (     46942)
Number of nonzeros in Hessian:              5511 (      4284)

  Iter      Objective      FeasError   OptError    ||Step||    CGits 
--------  --------------  ----------  ----------  ----------  -------
       0    8.940936e+02   8.294e+00
      10    8.648285e+02   1.789e+00   1.417e+02   4.552e+02        0
      20    8.048203e+02   1.918e-01   1.466e+02   3.373e+01        0
      30    5.787842e+02   2.463e-02   4.324e+00   6.887e+01        0
      40    5.304752e+02   6.107e-03   1.027e+00   2.724e+02        0
      50    5.251478e+02   1.475e-04   4.327e-03   2.703e+02        0
      58    5.251451e+02   3.630e-07   4.866e-05   4.745e+01        0

EXIT: Locally optimal solution found.

Final Statistics
----------------
Final objective value               =   5.25145051299535e+02
Final feasibility error (abs / rel) =   3.63e-07 / 4.38e-08
Final optimality error  (abs / rel) =   4.87e-05 / 5.08e-07
# of iterations                     =         58 
# of CG iterations                  =          0 
# of function evaluations           =         61
# of gradient evaluations           =         60
# of Hessian evaluations            =         58
Total program time (secs)           =       0.97526 (     0.975 CPU time)
Time spent in evaluations (secs)    =       0.08116

===============================================================================

      solver  :   t_proc      (avg)   t_wall      (avg)    n_eval
      nlp_fg  |  34.63ms (558.47us)  34.54ms (557.14us)        62
   nlp_gf_jg  |  40.08ms (667.93us)  40.06ms (667.60us)        60
    nlp_grad  |   1.14ms (  1.14ms)   1.14ms (  1.14ms)         1
  nlp_hess_l  |   6.52ms (112.40us)   6.49ms (111.95us)        58
       total  |   1.20 s (  1.20 s)   1.34 s (  1.34 s)         1
Round  1 True
Full Cost Value:  2.7545110001706927
Acceleration:  2.627687122588474
Momentum:  0.12682387758221958
Total Program Time:  1.205
First Level NLP Results:
x_res:  [0.6469 0.6526 0.6605 0.6711 0.6841 0.699  0.7156 0.7334 0.7653 0.7922
 0.8158 0.8371 0.8563 0.8737 0.8902 0.8918 0.8934 0.895  0.8967 0.8983
 0.8999 0.9016]
y_res:  [-0.0252 -0.0252 -0.0218 -0.0142 -0.0032  0.0107  0.0268  0.0444  0.077
  0.1009  0.1186  0.131   0.1383  0.1416  0.1419  0.1418  0.1417  0.1416
  0.1415  0.1414  0.1413  0.1412]
z_res:  [0.6585 0.6589 0.6605 0.663  0.6663 0.6703 0.675  0.6802 0.6894 0.6933
 0.6941 0.6929 0.6904 0.6869 0.6829 0.6825 0.6821 0.6817 0.6813 0.6809
 0.6805 0.6801]
xdot_res:  [0.1327 0.184  0.2478 0.3027 0.3489 0.3866 0.4158 0.446  0.3769 0.3305
 0.2985 0.2685 0.2446 0.2297 0.2266 0.2272 0.2279 0.2285 0.2292 0.2299
 0.2306 0.2314]
ydot_res:  [ 0.0006  0.0795  0.1768  0.2582  0.3241  0.375   0.4112  0.4556  0.3349
  0.2477  0.1734  0.1034  0.0455  0.0046 -0.0144 -0.0146 -0.0148 -0.0149
 -0.0151 -0.0152 -0.0153 -0.0154]
zdot_res:  [ 0.0095  0.0382  0.0585  0.077   0.0937  0.1087  0.1222  0.1289  0.0546
  0.0105 -0.0161 -0.0358 -0.0488 -0.056  -0.0575 -0.0572 -0.057  -0.0567
 -0.0564 -0.0561 -0.0558 -0.0556]
Lx_res:  [ 0.0838  0.0838  0.0347  0.0239  0.0651  0.1252  0.27    0.42    0.17
 -0.08   -0.33   -0.58   -0.757  -0.9166 -1.1665 -1.1415 -1.1195 -1.0995
 -1.0766 -1.0526 -1.0293 -1.0118]
Ly_res:  [-0.0596 -0.0596 -0.0094 -0.0056 -0.0442 -0.1677 -0.3177 -0.4677 -0.2177
  0.0323  0.2823  0.3514  0.4117  0.4986  0.5648  0.5892  0.6108  0.6303
  0.6539  0.6786  0.701   0.7244]
Lz_res:  [-0.0596 -0.0596 -0.0266 -0.0173 -0.0182 -0.0211 -0.0645 -0.0868 -0.1204
 -0.0327  0.1649  0.2556  0.3316  0.5152  0.7652  0.7902  0.81    0.8253
  0.8373  0.8482  0.8605  0.8775]
Ldotx_res:  [-1.7543e-11 -1.1450e+00 -2.5196e-01  9.6223e-01  1.4017e+00  3.3796e+00
  3.5000e+00 -3.5000e+00 -3.5000e+00 -3.5000e+00 -3.5000e+00 -2.4785e+00
 -2.2339e+00 -3.4993e+00  3.4999e+00  3.0850e+00  2.8018e+00  3.1979e+00
  3.3646e+00  3.2618e+00  2.4450e+00  2.0575e-17]
Ldoty_res:  [ 1.6466e-11  1.1715e+00  8.8691e-02 -9.0116e-01 -2.8822e+00 -3.4999e+00
 -3.5000e+00  3.5000e+00  3.5000e+00  3.4997e+00  9.6805e-01  8.4416e-01
  1.2171e+00  9.2646e-01  3.4205e+00  3.0135e+00  2.7390e+00  3.3051e+00
  3.4564e+00  3.1354e+00  3.2689e+00 -9.5551e-17]
Ldotz_res:  [ 1.6466e-11  7.6985e-01  2.1604e-01 -2.0245e-02 -6.8015e-02 -1.0124e+00
 -5.2005e-01 -4.7058e-01  1.2279e+00  2.7668e+00  1.2688e+00  1.0652e+00
  2.5698e+00  3.5000e+00  3.5000e+00  2.7796e+00  2.1413e+00  1.6782e+00
  1.5273e+00  1.7185e+00  2.3723e+00  2.2608e+00]
px_res:  [1.2346]
py_res:  [-0.1]
pz_res:  [0.]
Ts_res:  [0.3  0.8  0.85]
FR1x_res:  [-1.2312e-05 -3.0033e-06 -2.8189e-06 -2.0866e-06 -1.6027e-06 -5.0340e-07
  4.1044e-01  0.0000e+00  0.0000e+00  0.0000e+00  0.0000e+00  0.0000e+00
  0.0000e+00  0.0000e+00  4.0249e-02  2.1280e-02  8.4757e-03  9.0602e-03
 -2.0794e-02 -5.0987e-03 -2.2897e+00 -4.1556e-07]
FR1y_res:  [ 2.7616e-05 -2.4928e-06 -1.6058e-06 -8.7462e-07 -6.2455e-07 -1.0812e-06
  6.6344e-01  0.0000e+00  0.0000e+00  0.0000e+00  0.0000e+00  0.0000e+00
  0.0000e+00  0.0000e+00 -6.3004e-02 -3.1100e-02 -2.4581e-02 -1.5984e-02
  2.4804e-02  1.0868e-01 -5.5233e+00  1.7593e-07]
FR1z_res:  [4.1519e-04 1.6132e-03 1.6022e-03 1.5948e-03 1.5555e-03 1.4921e-03
 4.3233e+01 0.0000e+00 0.0000e+00 0.0000e+00 0.0000e+00 0.0000e+00
 0.0000e+00 0.0000e+00 2.4174e-01 2.1942e-01 2.5569e-01 3.7448e-01
 6.3501e-01 1.0928e+00 9.4113e+01 3.3333e+02]
Second Level Results:
x_res:  [0.9016 0.9148 0.9284 0.9422 0.9565 0.971  0.9858 1.001  1.0281 1.0561
 1.085  1.1148 1.1455 1.177  1.2093 1.2282 1.2474 1.2668 1.2865 1.3064
 1.3266 1.347  1.3831 1.4199 1.4574 1.4955 1.5342 1.5735 1.6135 1.6366
 1.6599 1.6834 1.7071 1.7309 1.7549 1.779  1.8215 1.8645 1.9079 1.9518
 1.996  2.0405 2.0855 2.1113 2.1373 2.1633 2.1895 2.2157 2.242  2.2684
 2.3148 2.3613 2.4081 2.455  2.5021 2.5493 2.5966 2.6237 2.6508 2.6779
 2.7051 2.7322 2.7594 2.7865]
y_res:  [0.1412 0.1403 0.1394 0.1385 0.1375 0.1365 0.1355 0.1345 0.1326 0.1306
 0.1286 0.1265 0.1243 0.1221 0.1197 0.1184 0.117  0.1156 0.1141 0.1127
 0.1112 0.1097 0.1071 0.1044 0.1016 0.0988 0.0959 0.093  0.09   0.0883
 0.0865 0.0848 0.083  0.0812 0.0794 0.0776 0.0744 0.0711 0.0679 0.0645
 0.0612 0.0578 0.0544 0.0525 0.0505 0.0485 0.0465 0.0445 0.0425 0.0405
 0.037  0.0335 0.0299 0.0263 0.0227 0.0191 0.0155 0.0134 0.0114 0.0093
 0.0072 0.0052 0.0031 0.001 ]
z_res:  [0.6801 0.6769 0.6738 0.6709 0.6681 0.6654 0.6628 0.6604 0.6563 0.6525
 0.6491 0.646  0.6432 0.6407 0.6386 0.6375 0.6365 0.6357 0.6349 0.6342
 0.6336 0.633  0.6323 0.6318 0.6315 0.6315 0.6317 0.6321 0.6328 0.6333
 0.6338 0.6345 0.6351 0.6359 0.6367 0.6375 0.6392 0.6409 0.6429 0.645
 0.6472 0.6496 0.6521 0.6536 0.6551 0.6567 0.6583 0.6599 0.6616 0.6633
 0.6663 0.6694 0.6726 0.6758 0.6791 0.6824 0.6858 0.6878 0.6897 0.6917
 0.6937 0.6956 0.6976 0.6996]
xdot_res:  [0.2314 0.2372 0.243  0.2487 0.2543 0.2599 0.2654 0.2708 0.2801 0.2891
 0.298  0.3066 0.315  0.3232 0.3312 0.3356 0.3401 0.3444 0.3487 0.3529
 0.357  0.3611 0.368  0.3747 0.3811 0.3874 0.3934 0.3992 0.4048 0.408
 0.411  0.414  0.4169 0.4198 0.4226 0.4253 0.4298 0.4341 0.4382 0.4421
 0.4458 0.4492 0.4524 0.4542 0.4559 0.4576 0.4591 0.4606 0.462  0.4634
 0.4656 0.4675 0.4692 0.4707 0.472  0.4731 0.474  0.4744 0.4747 0.475
 0.4752 0.4754 0.4754 0.4754]
ydot_res:  [-0.0154 -0.0159 -0.0164 -0.0168 -0.0173 -0.0178 -0.0183 -0.0187 -0.0195
 -0.0203 -0.0211 -0.0218 -0.0225 -0.0232 -0.0239 -0.0243 -0.0247 -0.0251
 -0.0254 -0.0258 -0.0261 -0.0265 -0.0271 -0.0277 -0.0282 -0.0288 -0.0293
 -0.0298 -0.0302 -0.0305 -0.0308 -0.031  -0.0313 -0.0315 -0.0318 -0.032
 -0.0324 -0.0328 -0.0331 -0.0334 -0.0338 -0.0341 -0.0343 -0.0345 -0.0346
 -0.0348 -0.0349 -0.035  -0.0351 -0.0353 -0.0354 -0.0356 -0.0358 -0.0359
 -0.036  -0.0361 -0.0362 -0.0362 -0.0362 -0.0363 -0.0363 -0.0363 -0.0363
 -0.0363]
zdot_res:  [-0.0556 -0.0534 -0.0513 -0.0492 -0.0471 -0.045  -0.043  -0.041  -0.0376
 -0.0342 -0.031  -0.0278 -0.0247 -0.0216 -0.0187 -0.017  -0.0154 -0.0138
 -0.0122 -0.0107 -0.0091 -0.0076 -0.0051 -0.0026 -0.0002  0.0021  0.0043
  0.0065  0.0086  0.0097  0.0108  0.012   0.013   0.0141  0.0151  0.0161
  0.0178  0.0194  0.0209  0.0223  0.0237  0.025   0.0262  0.0268  0.0274
  0.0281  0.0286  0.0292  0.0297  0.0302  0.031   0.0317  0.0324  0.0329
  0.0334  0.0338  0.0341  0.0343  0.0344  0.0345  0.0346  0.0346  0.0347
  0.0347]
px_res:  [1.5518 1.8691 2.1853 2.4013]
py_res:  [ 0.2456 -0.1285  0.08   -0.1705]
pz_res:  [0. 0. 0. 0.]
Ts_res:  [0.1449 0.5041 0.6608 1.0156 1.1692 1.5218 1.6735 2.0246 2.1751]
The  2 Round:
[[10.  -0.5 -0.5 10. ]
 [ 0.5  0.5 -0.5 -0.5]
 [ 0.   0.   0.   0. ]]
[[10.  -0.5 -0.5 10. ]
 [ 0.5  0.5 -0.5 -0.5]
 [ 0.   0.   0.   0. ]]
[[10.  -0.5 -0.5 10. ]
 [ 0.5  0.5 -0.5 -0.5]
 [ 0.   0.   0.   0. ]]
[[10.  -0.5 -0.5 10. ]
 [ 0.5  0.5 -0.5 -0.5]
 [ 0.   0.   0.   0. ]]
[[10.  -0.5 -0.5 10. ]
 [ 0.5  0.5 -0.5 -0.5]
 [ 0.   0.   0.   0. ]]

=======================================
           Academic License
       (NOT FOR COMMERCIAL USE)
         Artelys Knitro 10.3.0
=======================================

Knitro presolve eliminated 185 variables and 10221 constraints.

Knitro changing algorithm from AUTO to 1.
Knitro changing bar_initpt from AUTO to 3.
Knitro changing bar_murule from AUTO to 4.
Knitro changing bar_penaltycons from AUTO to 1.
Knitro changing bar_penaltyrule from AUTO to 2.
Knitro changing bar_switchrule from AUTO to 2.
Knitro changing linesearch from AUTO to 1.
Knitro changing linsolver from AUTO to 5.
Knitro shifted start point to satisfy presolved bounds (16 variables).
Knitro fixing 185 variables eliminated from the presolve.

Problem Characteristics                    ( Presolved)
-----------------------
Objective goal:  Minimize
Number of variables:                        1590 (      1405)
    bounded below only:                        0 (         0)
    bounded above only:                        0 (         0)
    bounded below and above:                1590 (      1405)
    fixed:                                     0 (         0)
    free:                                      0 (         0)
Number of constraints:                     20479 (     10268)
    linear equalities:                       755 (       387)
    nonlinear equalities:                    294 (       294)
    linear one-sided inequalities:         19418 (      9587)
    nonlinear one-sided inequalities:          0 (         0)
    linear two-sided inequalities:            12 (         0)
    nonlinear two-sided inequalities:          0 (         0)
Number of nonzeros in Jacobian:           103097 (     47110)
Number of nonzeros in Hessian:              5511 (      4284)

  Iter      Objective      FeasError   OptError    ||Step||    CGits 
--------  --------------  ----------  ----------  ----------  -------
       0    5.670900e+02   5.223e+01
      10    6.813018e+02   8.118e+00   6.409e+02   1.619e+02        0
      20    4.908008e+02   1.577e-01   5.191e+01   1.226e+02        0
      30    4.796285e+02   3.698e-03   3.472e-02   1.674e+02        0
      40    4.795521e+02   1.648e-07   1.741e-05   3.534e+01        0

EXIT: Locally optimal solution found.

Final Statistics
----------------
Final objective value               =   4.79552142484269e+02
Final feasibility error (abs / rel) =   1.65e-07 / 3.16e-09
Final optimality error  (abs / rel) =   1.74e-05 / 1.90e-07
# of iterations                     =         40 
# of CG iterations                  =         23 
# of function evaluations           =         42
# of gradient evaluations           =         42
# of Hessian evaluations            =         40
Total program time (secs)           =       0.84342 (     0.843 CPU time)
Time spent in evaluations (secs)    =       0.05250

===============================================================================

      solver  :   t_proc      (avg)   t_wall      (avg)    n_eval
      nlp_fg  |  22.92ms (533.14us)  22.85ms (531.31us)        43
   nlp_gf_jg  |  25.99ms (618.79us)  25.94ms (617.66us)        42
    nlp_grad  |   1.15ms (  1.15ms)   1.15ms (  1.15ms)         1
  nlp_hess_l  |   4.33ms (108.30us)   4.31ms (107.82us)        40
       total  |   1.07 s (  1.07 s)   1.21 s (  1.21 s)         1
Round  2 True
Full Cost Value:  1.9869412788005074
Acceleration:  1.0362632160756058
Momentum:  0.9506780627249017
Total Program Time:  1.0717
First Level NLP Results:
x_res:  [0.9016 0.9115 0.9236 0.937  0.9515 0.9667 0.9825 0.9985 1.0264 1.0505
 1.0716 1.0899 1.1062 1.121  1.1354 1.1368 1.1383 1.1398 1.1413 1.1427
 1.1442 1.1457]
y_res:  [0.1412 0.1405 0.1375 0.1317 0.1237 0.1137 0.1021 0.0894 0.0671 0.0499
 0.0364 0.0253 0.0167 0.0103 0.0059 0.0056 0.0053 0.005  0.0047 0.0044
 0.0041 0.0038]
z_res:  [0.6801 0.6777 0.6759 0.6747 0.6739 0.6736 0.6738 0.6742 0.6756 0.6744
 0.6712 0.6668 0.6617 0.6564 0.6511 0.6506 0.6501 0.6496 0.6492 0.6487
 0.6482 0.6478]
xdot_res:  [0.2314 0.2817 0.3132 0.3378 0.3558 0.3677 0.3742 0.3901 0.338  0.295
 0.2566 0.2271 0.2084 0.2009 0.2039 0.2048 0.2056 0.2065 0.2073 0.2082
 0.2091 0.21  ]
ydot_res:  [-0.0154 -0.0714 -0.134  -0.1881 -0.2335 -0.2695 -0.296  -0.3124 -0.2408
 -0.1897 -0.1543 -0.1212 -0.0889 -0.0622 -0.045  -0.044  -0.043  -0.042
 -0.041  -0.0401 -0.0392 -0.0382]
zdot_res:  [-0.0556 -0.0411 -0.0293 -0.0172 -0.0064  0.0029  0.0104  0.0196 -0.0172
 -0.0445 -0.0615 -0.0712 -0.0751 -0.0739 -0.0684 -0.0676 -0.0668 -0.066
 -0.0652 -0.0644 -0.0636 -0.0629]
Lx_res:  [-1.0118 -1.0118 -0.8783 -0.8236 -0.8387 -0.7945 -0.8353 -0.8773 -0.6273
 -0.3773 -0.1273  0.0746  0.2322  0.3774  0.5369  0.5119  0.4903  0.4724
  0.4503  0.4253  0.4004  0.3764]
Ly_res:  [0.7244 0.7244 0.7113 0.6373 0.5359 0.4923 0.3666 0.2166 0.3892 0.4975
 0.5384 0.5358 0.5071 0.4612 0.3979 0.3861 0.38   0.3784 0.3725 0.3603
 0.3418 0.3308]
Lz_res:  [ 0.7244  0.7244  0.6252  0.4752  0.3575  0.3434  0.4305  0.4781  0.3139
  0.0639 -0.1861 -0.4361 -0.6861 -0.9361 -1.1861 -1.2111 -1.2307 -1.2452
 -1.2553 -1.2696 -1.2887 -1.3119]
Ldotx_res:  [ 2.0575e-17  3.1145e+00  1.2776e+00 -3.5177e-01  1.0310e+00 -9.5159e-01
 -9.8204e-01  3.5000e+00  3.5000e+00  3.5000e+00  2.8272e+00  2.2063e+00
  2.0325e+00  2.2329e+00 -3.4999e+00 -3.0253e+00 -2.5031e+00 -3.0834e+00
 -3.4999e+00 -3.4998e+00 -3.3538e+00 -3.7455e-14]
Ldoty_res:  [-9.5551e-17 -3.0531e-01 -1.7260e+00 -2.3660e+00 -1.0167e+00 -2.9342e+00
 -3.5000e+00  2.4167e+00  1.5156e+00  5.7236e-01 -3.5972e-02 -4.0114e-01
 -6.4249e-01 -8.8635e-01 -1.6517e+00 -8.5372e-01 -2.3109e-01 -8.1977e-01
 -1.7145e+00 -2.5842e+00 -1.5414e+00  3.4890e-14]
Ldotz_res:  [-9.5551e-17 -2.3137e+00 -3.5000e+00 -2.7475e+00 -3.2771e-01  2.0319e+00
  1.1113e+00 -2.2997e+00 -3.5000e+00 -3.5000e+00 -3.5000e+00 -3.5000e+00
 -3.5000e+00 -3.5000e+00 -3.5000e+00 -2.7407e+00 -2.0262e+00 -1.4211e+00
 -2.0009e+00 -2.6712e+00 -3.2404e+00 -3.0473e+00]
px_res:  [1.552]
py_res:  [0.2741]
pz_res:  [0.]
Ts_res:  [0.3  0.8  0.85]
FR1x_res:  [-6.1542e-06  1.0512e-07  1.6052e-07  2.6912e-07 -1.6649e-07 -9.1858e-08
 -2.5504e-06  2.8114e+00 -2.0528e+00 -3.6817e+00 -2.8123e+00 -1.7123e+00
 -4.7669e-01 -3.8446e+00  4.8718e-02  3.1749e-02  2.2967e-02 -9.4970e-03
  5.2935e-03 -1.5026e-02  3.3058e+00 -5.4638e-05]
FR1y_res:  [-1.2113e-05 -6.4639e-07 -3.0343e-07  7.8646e-07  3.2541e-07  6.9468e-08
 -9.2083e-06 -2.4811e+01  5.7865e+00  7.7252e+00  6.6782e+00  4.4752e+00
  2.4891e+00  1.3595e+00  4.9335e-02 -8.0888e-03 -1.6775e-02  2.7047e-03
 -1.6169e-01 -2.4630e-01  3.0670e+00  2.3131e-05]
FR1z_res:  [1.5384e-04 1.5276e-04 1.5720e-04 1.7443e-04 1.9570e-04 2.2109e-04
 4.4039e-04 8.2703e+01 9.5245e+01 1.0909e+02 1.1867e+02 1.2645e+02
 1.3326e+02 1.3894e+02 2.0266e-01 1.7440e-01 2.2923e-01 2.9952e-01
 8.1241e-01 1.1336e+00 1.2495e+02 3.3333e+02]
Second Level Results:
x_res:  [1.1457 1.1577 1.1701 1.1829 1.1961 1.2097 1.2236 1.238  1.2637 1.2906
 1.3186 1.3477 1.3779 1.409  1.4412 1.4602 1.4794 1.499  1.5189 1.5391
 1.5596 1.5804 1.6173 1.655  1.6935 1.7329 1.773  1.8139 1.8555 1.8796
 1.904  1.9286 1.9534 1.9784 2.0036 2.029  2.0738 2.1192 2.1651 2.2115
 2.2584 2.3057 2.3535 2.381  2.4087 2.4364 2.4643 2.4923 2.5204 2.5486
 2.5981 2.6479 2.6979 2.7481 2.7986 2.8491 2.8999 2.9289 2.958  2.9871
 3.0162 3.0453 3.0744 3.1036]
y_res:  [ 0.0038  0.0016 -0.0002 -0.0016 -0.0027 -0.0035 -0.004  -0.0042 -0.0043
 -0.0038 -0.0029 -0.0017 -0.0005  0.0007  0.0018  0.0024  0.0029  0.0035
  0.004   0.0044  0.0049  0.0053  0.006   0.0065  0.0071  0.0075  0.0079
  0.0082  0.0084  0.0085  0.0086  0.0087  0.0087  0.0087  0.0087  0.0087
  0.0086  0.0085  0.0083  0.0081  0.0079  0.0076  0.0072  0.007   0.0068
  0.0066  0.0063  0.0061  0.0058  0.0055  0.005   0.0045  0.0039  0.0034
  0.0028  0.0022  0.0016  0.0012  0.0009  0.0005  0.0001 -0.0002 -0.0006
 -0.001 ]
z_res:  [0.6478 0.6442 0.6409 0.638  0.6354 0.633  0.6309 0.6291 0.6263 0.6241
 0.6224 0.6212 0.6203 0.6196 0.6191 0.619  0.6189 0.6189 0.6189 0.619
 0.6192 0.6194 0.6199 0.6205 0.6213 0.6223 0.6235 0.6248 0.6262 0.6271
 0.628  0.629  0.6301 0.6311 0.6323 0.6334 0.6355 0.6377 0.64   0.6424
 0.645  0.6476 0.6502 0.6518 0.6534 0.6551 0.6567 0.6584 0.6601 0.6618
 0.6649 0.668  0.6711 0.6743 0.6775 0.6808 0.6841 0.686  0.6879 0.6898
 0.6917 0.6936 0.6955 0.6974]
xdot_res:  [0.21   0.217  0.224  0.2308 0.2376 0.2444 0.251  0.2576 0.2689 0.28
 0.2908 0.3014 0.3118 0.3219 0.3317 0.3373 0.3427 0.3481 0.3534 0.3586
 0.3637 0.3687 0.3772 0.3855 0.3935 0.4012 0.4087 0.4159 0.4228 0.4267
 0.4304 0.4341 0.4377 0.4413 0.4447 0.448  0.4536 0.459  0.464  0.4688
 0.4733 0.4776 0.4816 0.4838 0.4859 0.4879 0.4899 0.4917 0.4935 0.4951
 0.4978 0.5002 0.5023 0.5042 0.5058 0.5071 0.5082 0.5087 0.5092 0.5095
 0.5098 0.5099 0.51   0.51  ]
ydot_res:  [-3.8247e-02 -3.1378e-02 -2.4995e-02 -1.9098e-02 -1.3687e-02 -8.7626e-03
 -4.3241e-03 -3.7163e-04  5.0565e-03  8.9959e-03  1.1447e-02  1.2409e-02
  1.1883e-02  1.1017e-02  1.0141e-02  9.6408e-03  9.1430e-03  8.6495e-03
  8.1614e-03  7.6798e-03  7.2055e-03  6.7392e-03  5.9479e-03  5.1812e-03
  4.4391e-03  3.7217e-03  3.0289e-03  2.3607e-03  1.7171e-03  1.3574e-03
  1.0058e-03  6.6216e-04  3.2661e-04 -8.8285e-07 -3.2032e-04 -6.3169e-04
 -1.1519e-03 -1.6474e-03 -2.1182e-03 -2.5643e-03 -2.9857e-03 -3.3823e-03
 -3.7542e-03 -3.9586e-03 -4.1550e-03 -4.3433e-03 -4.5235e-03 -4.6956e-03
 -4.8596e-03 -5.0155e-03 -5.2635e-03 -5.4867e-03 -5.6852e-03 -5.8589e-03
 -6.0077e-03 -6.1318e-03 -6.2310e-03 -6.2796e-03 -6.3201e-03 -6.3526e-03
 -6.3769e-03 -6.3931e-03 -6.4012e-03 -6.4012e-03]
zdot_res:  [-0.0629 -0.057  -0.0514 -0.0461 -0.0411 -0.0364 -0.0321 -0.028  -0.0219
 -0.0167 -0.0125 -0.0091 -0.0068 -0.0047 -0.0027 -0.0015 -0.0004  0.0007
  0.0017  0.0028  0.0038  0.0048  0.0066  0.0082  0.0099  0.0114  0.0129
  0.0144  0.0158  0.0166  0.0173  0.0181  0.0188  0.0195  0.0202  0.0209
  0.022   0.0231  0.0241  0.0251  0.026   0.0269  0.0277  0.0282  0.0286
  0.029   0.0294  0.0298  0.0301  0.0305  0.031   0.0315  0.0319  0.0323
  0.0326  0.0329  0.0331  0.0332  0.0333  0.0334  0.0334  0.0334  0.0335
  0.0335]
px_res:  [1.8693 2.1866 2.5038 2.7175]
py_res:  [-0.0994  0.2746 -0.08    0.1765]
pz_res:  [0. 0. 0. 0.]
Ts_res:  [0.1449 0.5041 0.6608 1.0156 1.1692 1.5218 1.6736 2.0247 2.1752]
The  3 Round:
[[10.  -0.5 -0.5 10. ]
 [ 0.5  0.5 -0.5 -0.5]
 [ 0.   0.   0.   0. ]]
[[10.  -0.5 -0.5 10. ]
 [ 0.5  0.5 -0.5 -0.5]
 [ 0.   0.   0.   0. ]]
[[10.  -0.5 -0.5 10. ]
 [ 0.5  0.5 -0.5 -0.5]
 [ 0.   0.   0.   0. ]]
[[10.  -0.5 -0.5 10. ]
 [ 0.5  0.5 -0.5 -0.5]
 [ 0.   0.   0.   0. ]]
[[10.  -0.5 -0.5 10. ]
 [ 0.5  0.5 -0.5 -0.5]
 [ 0.   0.   0.   0. ]]

=======================================
           Academic License
       (NOT FOR COMMERCIAL USE)
         Artelys Knitro 10.3.0
=======================================

Knitro presolve eliminated 185 variables and 10192 constraints.

Knitro changing algorithm from AUTO to 1.
Knitro changing bar_initpt from AUTO to 3.
Knitro changing bar_murule from AUTO to 4.
Knitro changing bar_penaltycons from AUTO to 1.
Knitro changing bar_penaltyrule from AUTO to 2.
Knitro changing bar_switchrule from AUTO to 2.
Knitro changing linesearch from AUTO to 1.
Knitro changing linsolver from AUTO to 5.
Knitro shifted start point to satisfy presolved bounds (35 variables).
Knitro fixing 185 variables eliminated from the presolve.

Problem Characteristics                    ( Presolved)
-----------------------
Objective goal:  Minimize
Number of variables:                        1590 (      1405)
    bounded below only:                        0 (         0)
    bounded above only:                        0 (         0)
    bounded below and above:                1590 (      1405)
    fixed:                                     0 (         0)
    free:                                      0 (         0)
Number of constraints:                     20479 (     10297)
    linear equalities:                       755 (       387)
    nonlinear equalities:                    294 (       294)
    linear one-sided inequalities:         19418 (      9616)
    nonlinear one-sided inequalities:          0 (         0)
    linear two-sided inequalities:            12 (         0)
    nonlinear two-sided inequalities:          0 (         0)
Number of nonzeros in Jacobian:           103097 (     47202)
Number of nonzeros in Hessian:              5511 (      4284)

  Iter      Objective      FeasError   OptError    ||Step||    CGits 
--------  --------------  ----------  ----------  ----------  -------
       0    5.249521e+02   5.033e+01
      10    6.875126e+02   8.254e+00   1.092e+02   3.166e+02        0
      20    4.542187e+02   2.039e-02   1.917e+00   2.055e+02        0
      30    4.401731e+02   2.671e-03   6.988e-03   2.336e+02        0
      37    4.401655e+02   9.474e-07   5.697e-05   5.011e+01        0

EXIT: Locally optimal solution found.

Final Statistics
----------------
Final objective value               =   4.40165516047405e+02
Final feasibility error (abs / rel) =   9.47e-07 / 1.88e-08
Final optimality error  (abs / rel) =   5.70e-05 / 6.24e-07
# of iterations                     =         37 
# of CG iterations                  =          0 
# of function evaluations           =         44
# of gradient evaluations           =         39
# of Hessian evaluations            =         37
Total program time (secs)           =       0.55891 (     0.559 CPU time)
Time spent in evaluations (secs)    =       0.05153

===============================================================================

      solver  :   t_proc      (avg)   t_wall      (avg)    n_eval
      nlp_fg  |  23.91ms (531.29us)  23.83ms (529.45us)        45
   nlp_gf_jg  |  24.16ms (619.36us)  24.12ms (618.53us)        39
    nlp_grad  |   1.19ms (  1.19ms)   1.19ms (  1.19ms)         1
  nlp_hess_l  |   4.20ms (113.46us)   4.18ms (113.02us)        37
       total  | 785.65ms (785.65ms) 927.41ms (927.41ms)         1
Round  3 True
Full Cost Value:  4.961270458479846
Acceleration:  4.351466171653642
Momentum:  0.6098042868262031
Total Program Time:  0.7857
First Level NLP Results:
x_res:  [1.1457 1.1547 1.1637 1.1759 1.1914 1.21   1.2308 1.2533 1.2926 1.3242
 1.3488 1.3664 1.3777 1.384  1.387  1.3871 1.3871 1.3871 1.3872 1.3872
 1.3873 1.3874]
y_res:  [0.0038 0.0022 0.0032 0.0085 0.0177 0.0305 0.0464 0.0644 0.0978 0.1215
 0.1381 0.1485 0.1528 0.1519 0.1471 0.1462 0.1453 0.1444 0.1436 0.1427
 0.1418 0.141 ]
z_res:  [0.6478 0.6451 0.6448 0.646  0.6489 0.6535 0.6598 0.6675 0.6823 0.6894
 0.6903 0.6869 0.6803 0.6717 0.6622 0.6611 0.6601 0.6591 0.6581 0.6571
 0.6561 0.6551]
xdot_res:  [0.21   0.2102 0.2835 0.363  0.4325 0.4859 0.5246 0.5503 0.4429 0.3441
 0.2469 0.1581 0.0877 0.0428 0.0022 0.0038 0.0055 0.0072 0.009  0.0108
 0.0126 0.0145]
ydot_res:  [-0.0382  0.0249  0.1226  0.2161  0.2972  0.3706  0.4218  0.4669  0.3322
  0.2326  0.1454  0.0605 -0.0129 -0.0679 -0.1229 -0.1227 -0.1224 -0.1221
 -0.1218 -0.1215 -0.1211 -0.1207]
zdot_res:  [-0.0629 -0.0074  0.0289  0.0682  0.107   0.1455  0.1796  0.208   0.0998
  0.0125 -0.0486 -0.0923 -0.1202 -0.1334 -0.1455 -0.1438 -0.1421 -0.1404
 -0.1387 -0.137  -0.1353 -0.1335]
Lx_res:  [ 0.3764  0.3764  0.2264  0.1242  0.0436 -0.0345  0.0238  0.1738 -0.0762
 -0.3262 -0.5762 -0.8207 -1.0591 -1.3091 -1.5591 -1.5505 -1.546  -1.5455
 -1.5498 -1.5594 -1.5737 -1.5895]
Ly_res:  [0.3308 0.3308 0.4808 0.6308 0.712  0.6879 0.6468 0.5831 0.8331 1.0327
 1.1336 1.1568 1.2434 1.4902 1.7402 1.7548 1.7656 1.7723 1.7745 1.7715
 1.7639 1.7622]
Lz_res:  [ 0.3308  0.3308  0.2682  0.1959  0.1219  0.0279 -0.1002 -0.17   -0.1994
 -0.221  -0.2034 -0.2149 -0.2737 -0.3101 -0.2838 -0.2803 -0.278  -0.2796
 -0.2852 -0.295  -0.3094 -0.3284]
Ldotx_res:  [-3.7455e-14 -3.5000e+00 -2.3840e+00 -1.8809e+00 -1.8229e+00  1.3606e+00
  3.5000e+00 -3.5000e+00 -3.5000e+00 -3.4999e+00 -3.4235e+00 -3.3373e+00
 -3.5000e+00 -3.5000e+00  1.1999e+00  6.3759e-01  6.1174e-02 -5.9824e-01
 -1.3370e+00 -2.0085e+00 -2.2075e+00  2.0575e-17]
Ldoty_res:  [ 3.4890e-14  3.5000e+00  3.5000e+00  1.8944e+00 -5.6326e-01 -9.5764e-01
 -1.4865e+00  3.5000e+00  2.7937e+00  1.4136e+00  3.2439e-01  1.2128e+00
  3.4542e+00  3.5000e+00  2.0568e+00  1.5051e+00  9.4070e-01  3.0109e-01
 -4.1279e-01 -1.0681e+00 -2.4262e-01 -9.5551e-17]
Ldotz_res:  [ 3.4890e-14 -1.4604e+00 -1.6872e+00 -1.7274e+00 -2.1932e+00 -2.9888e+00
 -1.6291e+00 -4.1151e-01 -3.0245e-01  2.4636e-01 -1.6065e-01 -8.2376e-01
 -5.0867e-01  3.6757e-01  4.8767e-01  3.2507e-01 -2.2658e-01 -7.8409e-01
 -1.3741e+00 -2.0126e+00 -2.6567e+00 -2.5923e+00]
px_res:  [1.8693]
py_res:  [-0.1]
pz_res:  [0.]
Ts_res:  [0.3  0.8  0.85]
FR1x_res:  [ 6.0043e-05  4.6590e+01  5.5103e-04  2.6519e-04  9.2504e-05  6.6866e-07
 -2.7703e-04  0.0000e+00  0.0000e+00  0.0000e+00  0.0000e+00  0.0000e+00
  0.0000e+00  0.0000e+00  2.5129e-04  3.5521e-04  5.3273e-05 -4.4770e-04
 -1.2733e-03 -1.9088e-03  4.3034e+00 -6.1556e-10]
FR1y_res:  [-7.4125e-05 -1.9837e+01  7.2866e-06  1.5629e-05 -1.4816e-04 -7.3310e-06
  3.4718e-04  0.0000e+00  0.0000e+00  0.0000e+00  0.0000e+00  0.0000e+00
  0.0000e+00  0.0000e+00  1.1100e-03  9.8451e-04  4.8626e-04  1.0190e-04
 -4.1795e-03 -2.5990e-02  3.2194e+00  2.6060e-10]
FR1z_res:  [3.2252e-04 1.5530e+02 2.1766e-03 1.3861e-03 9.7203e-04 1.0835e-03
 1.8689e-03 0.0000e+00 0.0000e+00 0.0000e+00 0.0000e+00 0.0000e+00
 0.0000e+00 0.0000e+00 1.0864e-01 1.3421e-01 1.7690e-01 2.4811e-01
 3.8441e-01 8.8795e-01 1.2141e+02 3.3333e+02]
Second Level Results:
x_res:  [1.3874 1.3882 1.3899 1.3924 1.3958 1.3999 1.4049 1.4106 1.422  1.4358
 1.4519 1.4702 1.4907 1.5133 1.538  1.5533 1.5692 1.5858 1.603  1.6208
 1.6392 1.6582 1.6925 1.7285 1.7663 1.8057 1.8466 1.8891 1.9331 1.959
 1.9854 2.0122 2.0395 2.0672 2.0953 2.1238 2.1743 2.226  2.2788 2.3327
 2.3875 2.4432 2.4998 2.5327 2.5657 2.5991 2.6326 2.6664 2.7004 2.7346
 2.7949 2.8556 2.9169 2.9786 3.0406 3.103  3.1657 3.2016 3.2376 3.2737
 3.3098 3.3459 3.382  3.4182]
y_res:  [ 1.4096e-01  1.3406e-01  1.2736e-01  1.2084e-01  1.1450e-01  1.0835e-01
  1.0238e-01  9.6582e-02  8.6749e-02  7.7442e-02  6.8649e-02  6.0357e-02
  5.2553e-02  4.5227e-02  3.8365e-02  3.4703e-02  3.1186e-02  2.7812e-02
  2.4579e-02  2.1484e-02  1.8526e-02  1.5702e-02  1.0991e-02  6.6703e-03
  2.7290e-03 -8.4553e-04 -4.0654e-03 -6.9430e-03 -9.4904e-03 -1.0764e-02
 -1.1937e-02 -1.3010e-02 -1.3986e-02 -1.4868e-02 -1.5657e-02 -1.6356e-02
 -1.7426e-02 -1.8238e-02 -1.8806e-02 -1.9142e-02 -1.9258e-02 -1.9166e-02
 -1.8878e-02 -1.8608e-02 -1.8281e-02 -1.7899e-02 -1.7463e-02 -1.6977e-02
 -1.6442e-02 -1.5861e-02 -1.4768e-02 -1.3552e-02 -1.2226e-02 -1.0802e-02
 -9.2928e-03 -7.7100e-03 -6.0659e-03 -5.0985e-03 -4.1174e-03 -3.1249e-03
 -2.1232e-03 -1.1147e-03 -1.0159e-04  9.1378e-04]
z_res:  [0.6551 0.6475 0.6406 0.6345 0.629  0.6241 0.6199 0.6162 0.6106 0.6065
 0.6036 0.6017 0.6006 0.6001 0.6    0.6001 0.6002 0.6004 0.6007 0.601
 0.6014 0.6018 0.6027 0.6038 0.605  0.6064 0.608  0.6097 0.6116 0.6128
 0.614  0.6152 0.6165 0.6178 0.6192 0.6206 0.6232 0.6258 0.6286 0.6315
 0.6345 0.6375 0.6407 0.6426 0.6445 0.6464 0.6483 0.6502 0.6522 0.6542
 0.6578 0.6613 0.665  0.6687 0.6724 0.6761 0.6799 0.6821 0.6843 0.6865
 0.6887 0.6908 0.693  0.6952]
xdot_res:  [0.0145 0.0293 0.0439 0.0584 0.0726 0.0867 0.1006 0.1143 0.1378 0.1607
 0.1831 0.205  0.2263 0.247  0.2672 0.2786 0.2897 0.3008 0.3116 0.3222
 0.3327 0.343  0.3605 0.3774 0.3938 0.4096 0.4249 0.4396 0.4538 0.4618
 0.4695 0.4771 0.4845 0.4917 0.4987 0.5056 0.5171 0.528  0.5384 0.5482
 0.5575 0.5662 0.5744 0.5789 0.5832 0.5874 0.5913 0.5951 0.5987 0.6021
 0.6076 0.6125 0.6169 0.6207 0.624  0.6267 0.6289 0.63   0.6309 0.6316
 0.6321 0.6325 0.6326 0.6326]
ydot_res:  [-0.1207 -0.1174 -0.1141 -0.1109 -0.1077 -0.1045 -0.1014 -0.0983 -0.0931
 -0.0879 -0.0829 -0.078  -0.0733 -0.0686 -0.0641 -0.0615 -0.059  -0.0566
 -0.0542 -0.0518 -0.0494 -0.0471 -0.0432 -0.0394 -0.0357 -0.0322 -0.0288
 -0.0255 -0.0223 -0.0205 -0.0188 -0.0171 -0.0154 -0.0138 -0.0122 -0.0107
 -0.0081 -0.0057 -0.0034 -0.0012  0.0009  0.0029  0.0047  0.0057  0.0067
  0.0076  0.0085  0.0094  0.0102  0.0109  0.0122  0.0133  0.0142  0.0151
  0.0158  0.0164  0.0169  0.0172  0.0174  0.0175  0.0176  0.0177  0.0178
  0.0178]
zdot_res:  [-0.1335 -0.1204 -0.1079 -0.0961 -0.0849 -0.0744 -0.0646 -0.0554 -0.0413
 -0.0292 -0.0191 -0.011  -0.005  -0.0009  0.0012  0.0023  0.0035  0.0046
  0.0057  0.0068  0.0079  0.0089  0.0107  0.0124  0.0141  0.0157  0.0173
  0.0188  0.0202  0.021   0.0218  0.0226  0.0233  0.0241  0.0248  0.0255
  0.0266  0.0278  0.0288  0.0298  0.0308  0.0317  0.0325  0.0329  0.0334
  0.0338  0.0342  0.0346  0.035   0.0353  0.0359  0.0364  0.0368  0.0372
  0.0375  0.0378  0.038   0.0382  0.0382  0.0383  0.0384  0.0384  0.0384
  0.0384]
px_res:  [2.186  2.5033 2.8199 3.0251]
py_res:  [ 0.1782 -0.1958  0.08   -0.1776]
pz_res:  [0. 0. 0. 0.]
Ts_res:  [0.1449 0.5041 0.6608 1.0156 1.1692 1.5218 1.6735 2.0246 2.1751]
The  4 Round:
[[10.  -0.5 -0.5 10. ]
 [ 0.5  0.5 -0.5 -0.5]
 [ 0.   0.   0.   0. ]]
[[10.  -0.5 -0.5 10. ]
 [ 0.5  0.5 -0.5 -0.5]
 [ 0.   0.   0.   0. ]]
[[10.  -0.5 -0.5 10. ]
 [ 0.5  0.5 -0.5 -0.5]
 [ 0.   0.   0.   0. ]]
[[10.  -0.5 -0.5 10. ]
 [ 0.5  0.5 -0.5 -0.5]
 [ 0.   0.   0.   0. ]]
[[10.  -0.5 -0.5 10. ]
 [ 0.5  0.5 -0.5 -0.5]
 [ 0.   0.   0.   0. ]]

=======================================
           Academic License
       (NOT FOR COMMERCIAL USE)
         Artelys Knitro 10.3.0
=======================================

Knitro presolve eliminated 185 variables and 10152 constraints.

Knitro changing algorithm from AUTO to 1.
Knitro changing bar_initpt from AUTO to 3.
Knitro changing bar_murule from AUTO to 4.
Knitro changing bar_penaltycons from AUTO to 1.
Knitro changing bar_penaltyrule from AUTO to 2.
Knitro changing bar_switchrule from AUTO to 2.
Knitro changing linesearch from AUTO to 1.
Knitro changing linsolver from AUTO to 5.
Knitro shifted start point to satisfy presolved bounds (40 variables).
Knitro fixing 185 variables eliminated from the presolve.

Problem Characteristics                    ( Presolved)
-----------------------
Objective goal:  Minimize
Number of variables:                        1590 (      1405)
    bounded below only:                        0 (         0)
    bounded above only:                        0 (         0)
    bounded below and above:                1590 (      1405)
    fixed:                                     0 (         0)
    free:                                      0 (         0)
Number of constraints:                     20479 (     10337)
    linear equalities:                       755 (       387)
    nonlinear equalities:                    294 (       294)
    linear one-sided inequalities:         19418 (      9656)
    nonlinear one-sided inequalities:          0 (         0)
    linear two-sided inequalities:            12 (         0)
    nonlinear two-sided inequalities:          0 (         0)
Number of nonzeros in Jacobian:           103097 (     47316)
Number of nonzeros in Hessian:              5511 (      4284)

  Iter      Objective      FeasError   OptError    ||Step||    CGits 
--------  --------------  ----------  ----------  ----------  -------
       0    4.795433e+02   5.372e+01
      10    6.652795e+02   9.175e+00   1.567e+02   3.027e+02        0
      20    5.161550e+02   2.541e-02   1.736e+01   2.689e+02        0
      30    4.653749e+02   2.911e-02   1.324e+00   7.003e+01        0
      40    4.636857e+02   1.010e-06   3.875e-04   2.762e+00        0
      43    4.636849e+02   3.023e-10   9.863e-07   1.991e-02        0

EXIT: Locally optimal solution found.

Final Statistics
----------------
Final objective value               =   4.63684931039081e+02
Final feasibility error (abs / rel) =   3.02e-10 / 5.63e-12
Final optimality error  (abs / rel) =   9.86e-07 / 7.68e-09
# of iterations                     =         43 
# of CG iterations                  =          0 
# of function evaluations           =         45
# of gradient evaluations           =         45
# of Hessian evaluations            =         43
Total program time (secs)           =       0.65483 (     0.655 CPU time)
Time spent in evaluations (secs)    =       0.05995

===============================================================================

      solver  :   t_proc      (avg)   t_wall      (avg)    n_eval
      nlp_fg  |  25.52ms (554.80us)  25.45ms (553.18us)        46
   nlp_gf_jg  |  29.93ms (665.20us)  29.90ms (664.43us)        45
    nlp_grad  |   1.20ms (  1.20ms)   1.20ms (  1.20ms)         1
  nlp_hess_l  |   4.85ms (112.74us)   4.82ms (112.16us)        43
       total  | 881.92ms (881.92ms)   1.03 s (  1.03 s)         1
Round  4 True
Full Cost Value:  28.65940670775775
Acceleration:  22.07845940313429
Momentum:  6.580947304623455
Total Program Time:  0.8819
First Level NLP Results:
x_res:  [1.3874 1.3876 1.3873 1.3878 1.3892 1.3914 1.3945 1.3985 1.4232 1.4381
 1.4408 1.4302 1.4061 1.3691 1.3214 1.3158 1.3099 1.3038 1.2975 1.2912
 1.2849 1.2788]
y_res:  [0.141  0.1393 0.1374 0.1347 0.1318 0.1285 0.1251 0.1213 0.1006 0.0854
 0.0774 0.0767 0.083  0.0962 0.1145 0.1167 0.1188 0.1209 0.1229 0.1248
 0.1266 0.1283]
z_res:  [0.6551 0.6533 0.6526 0.6529 0.6542 0.6564 0.6596 0.6638 0.6906 0.6999
 0.7    0.6945 0.6837 0.6661 0.634  0.6286 0.624  0.6202 0.617  0.6144
 0.6124 0.6107]
xdot_res:  [ 0.0145 -0.0244  0.0389  0.1004  0.1619  0.2234  0.285   0.3459  0.2092
  0.0378 -0.1488 -0.3369 -0.5183 -0.6676 -0.7837 -0.8254 -0.8578 -0.8776
 -0.8834 -0.8766 -0.8571 -0.8332]
ydot_res:  [-0.1207 -0.1337 -0.197  -0.2152 -0.2334 -0.2517 -0.2702 -0.2896 -0.213
 -0.1123 -0.01    0.088   0.1846  0.2567  0.3052  0.3004  0.2939  0.2824
  0.2673  0.2511  0.2383  0.2281]
zdot_res:  [-0.1335 -0.0522  0.0234  0.0929  0.1624  0.232   0.302   0.3751  0.1303
  0.0013 -0.0772 -0.1505 -0.2465 -0.4493 -0.7627 -0.6438 -0.5353 -0.4403
 -0.3598 -0.292  -0.237  -0.1867]
Lx_res:  [-1.5895 -1.5895 -1.6226 -1.6709 -1.7192 -1.7676 -1.8159 -1.8643 -1.8342
 -1.7905 -1.7524 -1.7235 -1.7051 -1.7138 -1.7551 -1.7636 -1.7708 -1.7777
 -1.7838 -1.7916 -1.8031 -1.8165]
Ly_res:  [1.7622 1.7622 1.8105 1.8588 1.9072 1.9555 2.0038 2.0522 2.3022 2.5522
 2.8022 3.0522 3.3022 3.5522 3.8022 3.8272 3.8522 3.8772 3.9022 3.9272
 3.9522 3.9772]
Lz_res:  [ 1.7622  1.7622  1.7382  1.6899  1.6416  1.5932  1.5449  1.4966  1.2466
  0.9966  0.7466  0.4966  0.2466 -0.0034 -0.2534 -0.2784 -0.3034 -0.3284
 -0.3534 -0.3784 -0.4034 -0.4284]
Ldotx_res:  [ 2.0575e-17 -2.3954e+00 -3.5000e+00 -3.5000e+00 -3.5000e+00 -3.5000e+00
 -3.5000e+00  4.2090e-01  6.1236e-01  5.3326e-01  4.0394e-01  2.5755e-01
 -1.2179e-01 -5.7742e-01 -1.1911e+00 -1.0096e+00 -9.7630e-01 -8.4113e-01
 -1.0945e+00 -1.6126e+00 -1.8784e+00  1.7992e-16]
Ldoty_res:  [-9.5551e-17  3.5000e+00  3.5000e+00  3.5000e+00  3.5000e+00  3.5000e+00
  3.5000e+00  3.5000e+00  3.5000e+00  3.5000e+00  3.5000e+00  3.5000e+00
  3.5000e+00  3.5000e+00  3.5000e+00  3.5000e+00  3.5000e+00  3.5000e+00
  3.5000e+00  3.5000e+00  3.5000e+00 -1.8509e-16]
Ldotz_res:  [-9.5551e-17 -1.7314e+00 -3.5000e+00 -3.5000e+00 -3.5000e+00 -3.5000e+00
 -3.5000e+00 -3.5000e+00 -3.5000e+00 -3.5000e+00 -3.5000e+00 -3.5000e+00
 -3.5000e+00 -3.5000e+00 -3.5000e+00 -3.5000e+00 -3.5000e+00 -3.5000e+00
 -3.5000e+00 -3.5000e+00 -3.5000e+00 -3.5000e+00]
px_res:  [1.903]
py_res:  [0.173]
pz_res:  [0.]
Ts_res:  [0.0967 0.5967 0.6467]
FR1x_res:  [-2.8676e-09 -7.0633e-10  3.2353e-09  3.0945e-09  2.5713e-09  2.3044e-09
  2.1952e-09 -5.1497e-10 -6.1880e-10 -8.1756e+00 -1.0236e+01 -1.2169e+00
 -1.2505e-09 -2.6430e-09 -1.2000e+02 -1.2000e+02 -1.0085e+02  2.2212e-02
  3.0879e-05  1.4389e-05  1.9660e-07 -1.7946e-08]
FR1y_res:  [-3.0754e-09 -2.5428e-09  1.4576e-09  1.5386e-09  1.8594e-09  1.9712e-09
  1.9058e-09  8.0191e-11  1.7952e-11  8.1756e+00  1.0236e+01  1.2169e+00
  2.8703e-11  9.2242e-11  1.2000e+02  1.2000e+02  1.0085e+02  9.7197e-01
  3.1677e-05  1.3515e-05  1.3792e-07  7.5973e-09]
FR1z_res:  [1.1729e-08 1.3935e-08 2.1228e-08 2.2004e-08 2.1732e-08 2.2640e-08
 2.4512e-08 5.6294e-09 2.5801e-09 2.7252e+01 3.4121e+01 4.0564e+00
 5.2016e-09 1.1798e-08 4.0000e+02 4.0000e+02 3.3618e+02 3.2399e+00
 1.1934e-04 5.4930e-05 2.9800e-06 3.3333e+02]
Second Level Results:
x_res:  [1.2788 1.2312 1.1967 1.1743 1.1627 1.161  1.1643 1.1723 1.194  1.2269
 1.2692 1.3189 1.3739 1.4324 1.4923 1.5263 1.5601 1.5937 1.6272 1.6605
 1.6937 1.7267 1.7842 1.8412 1.8978 1.954  2.0097 2.0651 2.12   2.1511
 2.1822 2.2131 2.2438 2.2745 2.3051 2.3355 2.3886 2.4413 2.4938 2.5459
 2.5978 2.6494 2.7008 2.7301 2.7592 2.7883 2.8173 2.8463 2.8752 2.904
 2.9544 3.0046 3.0547 3.1047 3.1546 3.2043 3.254  3.2824 3.3107 3.3391
 3.3674 3.3957 3.424  3.4523]
y_res:  [ 0.1283  0.1414  0.1456  0.1433  0.1365  0.1276  0.1186  0.1098  0.0944
  0.0794  0.0651  0.0517  0.0394  0.0284  0.0189  0.0144  0.0105  0.0071
  0.0041  0.0016 -0.0006 -0.0023 -0.0047 -0.0063 -0.0071 -0.0073 -0.007
 -0.0065 -0.0059 -0.0056 -0.0052 -0.0049 -0.0047 -0.0044 -0.0041 -0.0039
 -0.0035 -0.0031 -0.0028 -0.0025 -0.0022 -0.002  -0.0018 -0.0017 -0.0016
 -0.0015 -0.0014 -0.0013 -0.0013 -0.0012 -0.0011 -0.001  -0.001  -0.001
 -0.0009 -0.0009 -0.0009 -0.0009 -0.0009 -0.0009 -0.0009 -0.0009 -0.0009
 -0.0009]
z_res:  [0.6107 0.6    0.6011 0.6102 0.6238 0.6379 0.6501 0.6604 0.6755 0.6862
 0.6933 0.6974 0.6994 0.7    0.7    0.7    0.7    0.7    0.7    0.7
 0.7    0.7    0.7    0.7    0.7    0.7    0.7    0.7    0.7    0.7
 0.7    0.6999 0.6999 0.6999 0.6998 0.6998 0.6997 0.6995 0.6994 0.6993
 0.6991 0.6989 0.6987 0.6986 0.6985 0.6984 0.6983 0.6981 0.698  0.6979
 0.6976 0.6974 0.6972 0.6969 0.6967 0.6964 0.6961 0.696  0.6958 0.6957
 0.6955 0.6954 0.6952 0.6951]
xdot_res:  [-0.8332 -0.6034 -0.393  -0.202  -0.0305  0.0582  0.1405  0.2164  0.3294
  0.4228  0.4965  0.5505  0.5848  0.5994  0.5944  0.5915  0.5887  0.5859
  0.5831  0.5804  0.5777  0.575   0.5705  0.566   0.5616  0.5574  0.5532
  0.5491  0.5452  0.543   0.5408  0.5387  0.5366  0.5346  0.5326  0.5307
  0.5275  0.5245  0.5216  0.5188  0.5163  0.5138  0.5115  0.5103  0.5091
  0.5079  0.5068  0.5058  0.5047  0.5038  0.5023  0.5009  0.4997  0.4986
  0.4977  0.4969  0.4963  0.496   0.4958  0.4956  0.4954  0.4953  0.4953
  0.4953]
ydot_res:  [ 2.2815e-01  7.4236e-02 -4.1168e-02 -1.1806e-01 -1.5645e-01 -1.5633e-01
 -1.5553e-01 -1.5406e-01 -1.4942e-01 -1.4271e-01 -1.3392e-01 -1.2307e-01
 -1.1015e-01 -9.5164e-02 -7.8107e-02 -6.8880e-02 -6.0173e-02 -5.1986e-02
 -4.4319e-02 -3.7172e-02 -3.0546e-02 -2.4440e-02 -1.5346e-02 -7.8460e-03
 -1.9386e-03  2.3760e-03  5.0978e-03  6.2267e-03  5.7627e-03  5.5033e-03
  5.2495e-03  5.0016e-03  4.7593e-03  4.5229e-03  4.2922e-03  4.0672e-03
  3.6914e-03  3.3332e-03  2.9928e-03  2.6702e-03  2.3653e-03  2.0783e-03
  1.8090e-03  1.6610e-03  1.5188e-03  1.3824e-03  1.2519e-03  1.1273e-03
  1.0085e-03  8.9550e-04  7.1576e-04  5.5399e-04  4.1017e-04  2.8431e-04
  1.7641e-04  8.6479e-05  1.4519e-05 -2.0728e-05 -5.0105e-05 -7.3610e-05
 -9.1241e-05 -1.0300e-04 -1.0888e-04 -1.0888e-04]
zdot_res:  [-1.8670e-01  1.9173e-02  1.6018e-01  2.3632e-01  2.4758e-01  2.1297e-01
  1.8085e-01  1.5121e-01  1.0697e-01  7.0342e-02  4.1332e-02  1.9938e-02
  6.1616e-03  8.4961e-09 -6.2685e-05 -7.5636e-05 -7.5742e-05 -6.7456e-05
 -5.3691e-05 -3.6633e-05 -1.8061e-05  5.0288e-07  2.9394e-05  5.0368e-05
  5.9928e-05  5.4293e-05  2.8216e-05 -2.9667e-05 -2.5666e-04 -3.8006e-04
 -4.9838e-04 -6.1215e-04 -7.2172e-04 -8.2737e-04 -9.2934e-04 -1.0278e-03
 -1.1900e-03 -1.3423e-03 -1.4853e-03 -1.6190e-03 -1.7439e-03 -1.8600e-03
 -1.9677e-03 -2.0266e-03 -2.0829e-03 -2.1366e-03 -2.1876e-03 -2.2362e-03
 -2.2823e-03 -2.3260e-03 -2.3948e-03 -2.4564e-03 -2.5109e-03 -2.5583e-03
 -2.5987e-03 -2.6322e-03 -2.6589e-03 -2.6719e-03 -2.6828e-03 -2.6914e-03
 -2.6979e-03 -2.7022e-03 -2.7043e-03 -2.7043e-03]
px_res:  [2.2195 2.5368 2.8541 3.0682]
py_res:  [-0.08    0.2941 -0.08    0.1759]
pz_res:  [0. 0. 0. 0.]
Ts_res:  [0.1449 0.5041 0.6608 1.0156 1.1692 1.5218 1.6735 2.0246 2.1751]
The  5 Round:
[[10.  -0.5 -0.5 10. ]
 [ 0.5  0.5 -0.5 -0.5]
 [ 0.   0.   0.   0. ]]
[[10.  -0.5 -0.5 10. ]
 [ 0.5  0.5 -0.5 -0.5]
 [ 0.   0.   0.   0. ]]
[[10.  -0.5 -0.5 10. ]
 [ 0.5  0.5 -0.5 -0.5]
 [ 0.   0.   0.   0. ]]
[[10.  -0.5 -0.5 10. ]
 [ 0.5  0.5 -0.5 -0.5]
 [ 0.   0.   0.   0. ]]
[[10.  -0.5 -0.5 10. ]
 [ 0.5  0.5 -0.5 -0.5]
 [ 0.   0.   0.   0. ]]

=======================================
           Academic License
       (NOT FOR COMMERCIAL USE)
         Artelys Knitro 10.3.0
=======================================

Knitro presolve eliminated 185 variables and 10147 constraints.

Knitro changing algorithm from AUTO to 1.
Knitro changing bar_initpt from AUTO to 3.
Knitro changing bar_murule from AUTO to 4.
Knitro changing bar_penaltycons from AUTO to 1.
Knitro changing bar_penaltyrule from AUTO to 2.
Knitro changing bar_switchrule from AUTO to 2.
Knitro changing linesearch from AUTO to 1.
Knitro changing linsolver from AUTO to 5.
Knitro shifted start point to satisfy presolved bounds (56 variables).
Knitro fixing 185 variables eliminated from the presolve.

Problem Characteristics                    ( Presolved)
-----------------------
Objective goal:  Minimize
Number of variables:                        1590 (      1405)
    bounded below only:                        0 (         0)
    bounded above only:                        0 (         0)
    bounded below and above:                1590 (      1405)
    fixed:                                     0 (         0)
    free:                                      0 (         0)
Number of constraints:                     20479 (     10342)
    linear equalities:                       755 (       387)
    nonlinear equalities:                    294 (       294)
    linear one-sided inequalities:         19418 (      9661)
    nonlinear one-sided inequalities:          0 (         0)
    linear two-sided inequalities:            12 (         0)
    nonlinear two-sided inequalities:          0 (         0)
Number of nonzeros in Jacobian:           103097 (     47332)
Number of nonzeros in Hessian:              5511 (      4284)

  Iter      Objective      FeasError   OptError    ||Step||    CGits 
--------  --------------  ----------  ----------  ----------  -------
       0    4.410386e+02   2.975e+01
      10    6.814885e+02   1.758e+01   1.956e+02   3.415e+02        0
      20    7.192016e+02   1.174e+01   2.191e+04   2.971e+02        0
      30    7.445584e+02   1.039e+01   5.066e+03   2.931e+02        0
      40    7.670697e+02   8.246e+00   5.066e+03   2.883e+01        0
      50    7.700840e+02   6.644e+00   5.066e+03   1.099e+02        0
      60    7.704012e+02   4.720e+00   5.066e+03   1.074e+02        0
      70    7.709742e+02   3.925e+00   5.066e+03   2.475e+01        0
      80    7.743721e+02   2.772e+00   5.066e+03   2.261e+01        0
      90    7.737234e+02   1.333e+00   5.066e+03   1.826e+02        0
     100    7.682676e+02   6.219e-01   5.066e+03   2.829e+02        0
     110    7.597748e+02   3.730e-01   6.672e+05   2.705e+02        0
     120    7.516486e+02   2.960e-01   1.541e+06   5.793e+01        0
     130    7.490389e+02   5.825e-02   1.739e+06   5.951e+01        0
     140    7.478098e+02   5.441e-02   3.913e+05   5.707e+01        0
     150    7.491249e+02   5.278e-02   2.225e+05   5.697e+01        0
     160    7.466920e+02   5.049e-02   5.333e+04   1.865e+01        0
     170    7.260753e+02   5.047e-02   2.939e+04   7.147e+01        0
     180    6.165276e+02   5.025e-02   3.589e+04   8.323e+00        0
     190    5.328339e+02   5.056e-02   1.088e+02   2.497e-02       31
     200    5.319014e+02   5.060e-02   1.088e+02   1.603e+01        0
     210    5.322686e+02   5.051e-02   1.785e+01   2.185e+01        0
     220    5.305006e+02   5.115e-02   1.847e+05   9.601e+00        0
     230    5.298597e+02   5.153e-02   2.925e+05   1.389e+01        0
     240    5.293168e+02   5.201e-02   4.271e+05   7.535e+00        0
     250    5.290243e+02   5.244e-02   5.457e+05   5.793e-01        0
     260    5.289615e+02   5.269e-02   6.149e+05   3.529e+00        0
     270    5.288294e+02   5.348e-02   7.889e+05   4.586e+00        0
     280    5.288337e+02   5.398e-02   9.911e+01   1.718e+01        0
     290    5.292134e+02   5.565e-02   9.936e+01   1.015e+01        0
     300    5.291759e+02   5.569e-02   9.937e+01   9.609e+00        0
     310    5.291248e+02   5.926e-02   2.247e+08   1.411e-01        0
     320    5.291479e+02   6.006e-02   1.711e+08   1.469e-03        0
     330    5.291790e+02   6.099e-02   1.247e+08   3.350e-03        0
     340    5.489560e+02   2.350e-01   1.316e+06   1.026e+01        0
     350    5.896144e+02   2.309e-01   2.885e+04   9.235e+01        0
     360    7.561901e+02   1.971e-01   2.118e+02   2.187e+02       30
     370    7.481132e+02   2.802e-01   1.752e+02   1.314e+02        0
     380    7.741437e+02   4.435e-01   1.343e+02   2.734e+02        0
     390    7.845363e+02   4.334e-01   1.255e+02   1.780e+02        0
     400    7.833626e+02   4.330e-01   1.255e+02   5.553e+00        0
     410    7.801489e+02   4.329e-01   1.272e+02   5.598e+01        0
     413    7.817183e+02   4.329e-01   1.274e+02   9.324e-06        0

EXIT: Convergence to an infeasible point. Problem appears to be locally
      infeasible. If problem is believed to be feasible, try multistart 
      to search for feasible points, or decrease infeastol.

Final Statistics
----------------
Final objective value               =   7.81718320020873e+02
Final feasibility error (abs / rel) =   4.33e-01 / 1.46e-02
Final optimality error  (abs / rel) =   1.27e+02 / 4.09e-01
# of iterations                     =        413 
# of CG iterations                  =        443 
# of function evaluations           =        588
# of gradient evaluations           =        415
# of Hessian evaluations            =        414
Total program time (secs)           =       8.36998 (     8.370 CPU time)
Time spent in evaluations (secs)    =       0.65588

===============================================================================

      solver  :   t_proc      (avg)   t_wall      (avg)    n_eval
      nlp_fg  | 326.62ms (554.53us) 325.48ms (552.59us)       589
   nlp_gf_jg  | 268.93ms (648.03us) 268.53ms (647.06us)       415
    nlp_grad  |   1.27ms (  1.27ms)   1.27ms (  1.27ms)         1
  nlp_hess_l  |  47.61ms (114.99us)  47.35ms (114.38us)       414
       total  |   8.60 s (  8.60 s)   8.75 s (  8.75 s)         1
Fail at Round  5
Total Program Time:  8.5978
Accumulated Full Cost is:  38.4231
Accumulated Acc Cost is:  30.1362
Accumulated Momentum Cost is:  8.2869
Total Cost is:  799.1925
Terminal Cost is:  760.7693
Terminal X position is:  1.2788
Terminal Y position is:  0.1283
Terminal Z position is:  0.6107
