==================================================================
A new Round
 
Initial Seed Type:  previous
Chosen Solver:  CoM
Number of LookAhead:  6
Flat Terrain, use the default set up of terrain tangent and norm
The  0 Round:
[[10.  -0.5 -0.5 10. ]
 [ 0.5  0.5 -0.5 -0.5]
 [ 0.   0.   0.   0. ]]
[[10.  -0.5 -0.5 10. ]
 [ 0.5  0.5 -0.5 -0.5]
 [ 0.   0.   0.   0. ]]
[[10.  -0.5 -0.5 10. ]
 [ 0.5  0.5 -0.5 -0.5]
 [ 0.   0.   0.   0. ]]
[[10.  -0.5 -0.5 10. ]
 [ 0.5  0.5 -0.5 -0.5]
 [ 0.   0.   0.   0. ]]
[[10.  -0.5 -0.5 10. ]
 [ 0.5  0.5 -0.5 -0.5]
 [ 0.   0.   0.   0. ]]
[[10.  -0.5 -0.5 10. ]
 [ 0.5  0.5 -0.5 -0.5]
 [ 0.   0.   0.   0. ]]

=======================================
           Academic License
       (NOT FOR COMMERCIAL USE)
         Artelys Knitro 10.3.0
=======================================

Knitro presolve eliminated 207 variables and 12001 constraints.

Knitro changing algorithm from AUTO to 1.
Knitro changing bar_initpt from AUTO to 3.
Knitro changing bar_murule from AUTO to 4.
Knitro changing bar_penaltycons from AUTO to 1.
Knitro changing bar_penaltyrule from AUTO to 2.
Knitro changing bar_switchrule from AUTO to 2.
Knitro changing linesearch from AUTO to 1.
Knitro changing linsolver from AUTO to 5.
Knitro shifted start point to satisfy presolved bounds (352 variables).
Knitro fixing 207 variables eliminated from the presolve.

Problem Characteristics                    ( Presolved)
-----------------------
Objective goal:  Minimize
Number of variables:                        1763 (      1556)
    bounded below only:                        0 (         0)
    bounded above only:                        0 (         0)
    bounded below and above:                1763 (      1556)
    fixed:                                     0 (         0)
    free:                                      0 (         0)
Number of constraints:                     23635 (     11646)
    linear equalities:                       885 (       471)
    nonlinear equalities:                    294 (       294)
    linear one-sided inequalities:         22442 (     10881)
    nonlinear one-sided inequalities:          0 (         0)
    linear two-sided inequalities:            14 (         0)
    nonlinear two-sided inequalities:          0 (         0)
Number of nonzeros in Jacobian:           120905 (     53922)
Number of nonzeros in Hessian:              5637 (      4368)

  Iter      Objective      FeasError   OptError    ||Step||    CGits 
--------  --------------  ----------  ----------  ----------  -------
       0    2.404061e+03   1.591e+03
      10    1.937053e+03   1.230e+03   7.857e+00   3.211e+02        0
      20    1.752160e+03   1.097e+03   2.286e+02   1.845e+02        0
      30    1.534188e+03   9.657e+02   1.246e+04   1.267e+02        0
      40    1.463469e+03   9.086e+02   3.333e+02   1.323e+02        0
      50    1.395673e+03   8.524e+02   3.271e+02   2.713e+00        0
      60    1.353176e+03   8.128e+02   3.237e+02   9.445e+01        0
      70    1.329592e+03   7.851e+02   3.150e+02   8.473e+01        0
      80    1.311369e+03   7.539e+02   3.226e+02   1.112e+02        0
      90    1.299807e+03   7.321e+02   3.299e+02   7.428e+01        0
     100    1.277790e+03   7.082e+02   3.155e+02   1.982e+01      115
     110    1.264474e+03   6.683e+02   5.015e+02   1.293e+02        0
     120    1.256594e+03   6.437e+02   6.184e+02   1.322e+02        0
     130    1.251380e+03   6.288e+02   6.699e+02   5.222e+01        0
     140    1.239224e+03   6.080e+02   6.960e+02   9.241e+01        0
     150    1.224136e+03   5.876e+02   7.351e+02   5.418e+01        0
     160    1.204019e+03   5.502e+02   7.636e+02   2.123e+02        0
     170    1.178286e+03   5.185e+02   9.498e+02   7.050e+01        0
     180    1.161487e+03   4.946e+02   1.027e+03   7.122e+01        0
     190    1.162475e+03   4.774e+02   1.076e+03   1.405e+01        0
     200    1.160984e+03   4.624e+02   1.181e+03   1.168e+02        0
     210    1.148844e+03   4.381e+02   1.085e+03   1.141e+02        0
     220    1.130468e+03   4.190e+02   1.003e+03   5.768e+01        0
     230    1.115324e+03   3.959e+02   8.885e+02   5.371e+01        0
     240    1.107464e+03   3.715e+02   8.051e+02   8.122e+00        0
     250    1.105215e+03   3.533e+02   3.892e+02   1.250e+02        0
     260    1.099684e+03   3.400e+02   3.992e+02   9.938e+01        0
     270    1.100888e+03   3.226e+02   4.299e+02   4.670e+01        0
     280    1.096293e+03   3.149e+02   4.435e+02   3.577e+01        0
     290    1.091285e+03   3.086e+02   4.455e+02   1.698e+02        0
     300    1.081251e+03   2.959e+02   4.532e+02   7.973e+01        0
     310    1.079658e+03   2.866e+02   5.701e+02   7.475e+01        0
     320    1.074061e+03   2.699e+02   5.496e+02   5.045e+01        0
     330    1.068224e+03   2.547e+02   5.495e+02   2.553e+01        0
     340    1.064792e+03   2.433e+02   5.208e+02   4.073e+01        0
     350    1.060280e+03   2.306e+02   4.968e+02   1.040e+01       27
     360    1.053175e+03   2.180e+02   5.184e+02   5.427e+01        0
     370    1.043061e+03   2.020e+02   6.038e+02   9.012e+01        0
     380    1.034932e+03   1.892e+02   6.486e+02   3.119e+01        0
     390    1.028870e+03   1.769e+02   6.468e+02   7.678e+01        0
     400    1.029762e+03   1.715e+02   4.922e+02   3.226e+01       66
     410    1.024409e+03   1.677e+02   5.115e+02   6.702e+01        0
     420    1.019699e+03   1.642e+02   5.464e+02   6.674e+01        0
     430    1.013079e+03   1.598e+02   5.890e+02   4.286e+01        0
     440    1.011002e+03   1.535e+02   6.174e+02   8.381e+01        0
     450    1.011268e+03   1.512e+02   6.229e+02   2.802e+01        0
     460    1.009244e+03   1.479e+02   6.188e+02   3.115e+01        0
     470    1.010592e+03   1.455e+02   6.399e+02   8.596e+01        0
     480    1.017275e+03   1.396e+02   6.617e+02   2.107e+01        0
     490    1.021415e+03   1.301e+02   6.880e+02   6.098e+01        0
     500    1.017413e+03   1.213e+02   8.274e+02   2.957e+00        0
     510    1.004028e+03   1.106e+02   8.464e+02   1.831e+02        0
     520    1.000373e+03   1.055e+02   8.547e+02   5.963e+01        0
     530    9.934042e+02   1.002e+02   8.647e+02   7.851e+01        0
     540    9.761109e+02   8.497e+01   7.380e+02   4.871e+01        0
     550    9.300244e+02   6.306e+01   1.788e+04   1.516e+02        0
     560    8.708621e+02   3.232e+01   1.788e+04   7.759e+01        0
     570    8.549565e+02   7.435e+00   1.788e+04   3.948e+02        0
     580    6.783889e+02   3.107e-01   6.042e+02   6.228e+02        0
     590    5.235566e+02   3.554e-03   7.985e-02   1.259e+01        0
     600    5.230089e+02   4.465e-03   3.945e-02   3.078e+02        0
     610    5.229288e+02   2.594e-03   8.802e-02   2.165e+02        0
     620    5.228907e+02   3.204e-04   3.920e-04   9.303e+01        0
     621    5.228907e+02   4.422e-09   5.240e-07   5.511e-02        0

EXIT: Locally optimal solution found.

Final Statistics
----------------
Final objective value               =   5.22890707701537e+02
Final feasibility error (abs / rel) =   4.42e-09 / 2.78e-12
Final optimality error  (abs / rel) =   5.24e-07 / 4.38e-09
# of iterations                     =        621 
# of CG iterations                  =        826 
# of function evaluations           =        633
# of gradient evaluations           =        623
# of Hessian evaluations            =        621
Total program time (secs)           =      15.55737 (    15.525 CPU time)
Time spent in evaluations (secs)    =       0.95312

===============================================================================

      solver  :   t_proc      (avg)   t_wall      (avg)    n_eval
      nlp_fg  | 398.54ms (628.61us) 398.29ms (628.21us)       634
   nlp_gf_jg  | 464.58ms (745.71us) 465.05ms (746.47us)       623
    nlp_grad  |   1.44ms (  1.44ms)   1.44ms (  1.44ms)         1
  nlp_hess_l  |  70.76ms (113.95us)  70.64ms (113.75us)       621
       total  |  16.02 s ( 16.02 s)  15.93 s ( 15.93 s)         1
Round  0 True
Full Cost Value:  0.05748939019297911
Acceleration:  0.040952812372890585
Momentum:  0.016536577820088525
Total Program Time:  16.0154
First Level NLP Results:
x_res:  [0.6    0.6    0.6002 0.6005 0.601  0.6017 0.6026 0.6037 0.6059 0.6088
 0.6123 0.6166 0.6216 0.6275 0.6341 0.6348 0.6356 0.6363 0.6371 0.6379
 0.6386 0.6394]
y_res:  [ 0.0000e+00 -3.8837e-11 -6.0582e-04 -1.7558e-03 -3.3870e-03 -5.4366e-03
 -7.8416e-03 -1.0539e-02 -1.5416e-02 -2.0166e-02 -2.4421e-02 -2.7982e-02
 -3.0807e-02 -3.2980e-02 -3.4692e-02 -3.4842e-02 -3.4991e-02 -3.5140e-02
 -3.5287e-02 -3.5433e-02 -3.5579e-02 -3.5724e-02]
z_res:  [0.65   0.65   0.65   0.6501 0.6501 0.6502 0.6503 0.6504 0.6507 0.6508
 0.6509 0.6508 0.6507 0.6504 0.6502 0.6501 0.6501 0.6501 0.6501 0.65
 0.65   0.65  ]
xdot_res:  [0.     0.0039 0.0079 0.0121 0.0165 0.0211 0.0258 0.0307 0.0397 0.0495
 0.0598 0.0705 0.0817 0.0931 0.1036 0.1045 0.1055 0.1064 0.1074 0.1083
 0.1093 0.1102]
ydot_res:  [ 0.     -0.0141 -0.0268 -0.0381 -0.0478 -0.0561 -0.0629 -0.0683 -0.0665
 -0.0596 -0.0499 -0.0395 -0.0304 -0.024  -0.021  -0.0209 -0.0208 -0.0206
 -0.0205 -0.0204 -0.0203 -0.0202]
zdot_res:  [ 0.      0.0005  0.001   0.0015  0.002   0.0024  0.0028  0.0032  0.0022
  0.0007 -0.0009 -0.0023 -0.0033 -0.0037 -0.0035 -0.0034 -0.0033 -0.0033
 -0.0032 -0.0032 -0.0031 -0.003 ]
Lx_res:  [ 0.0000e+00 -1.9897e-12  9.3094e-05  1.4968e-04  1.7223e-04 -3.6339e-04
 -1.1141e-01 -2.6141e-01 -9.6950e-02 -3.6363e-02  2.5112e-02  7.6317e-02
  1.2596e-01  1.5425e-01  1.6280e-01  1.4804e-01  1.3678e-01  1.2086e-01
  1.0628e-01  9.3100e-02  7.8649e-02  7.3511e-02]
Ly_res:  [ 0.0000e+00  2.8007e-13 -3.7981e-05 -6.2936e-05 -7.3689e-05 -4.5604e-04
 -3.0143e-03  2.0334e-02  1.9622e-02  3.0312e-03  1.0359e-02  1.5490e-02
  1.2393e-02 -3.3603e-02 -8.6734e-02 -8.8388e-02 -8.4284e-02 -7.2159e-02
 -5.8015e-02 -4.2423e-02 -2.9075e-02 -2.3356e-02]
Lz_res:  [ 0.0000e+00  1.4520e-12 -3.4422e-05 -6.6335e-05 -1.0190e-04 -1.0325e-03
  2.6909e-03  6.2993e-02  1.8576e-01  1.3846e-01  3.3676e-02 -3.5349e-02
 -9.1925e-02 -1.3874e-01 -2.0599e-01 -2.2118e-01 -2.3002e-01 -2.3321e-01
 -2.3457e-01 -2.3436e-01 -2.3279e-01 -2.3299e-01]
Ldotx_res:  [ 0.0000e+00  2.1722e-03  1.3204e-03  5.2605e-04 -1.2498e-02 -2.5910e+00
 -3.5000e+00  2.3024e+00  8.4821e-01  8.6065e-01  7.1687e-01  6.9498e-01
  3.9609e-01  1.1975e-01 -2.0665e+00 -1.5763e+00 -2.2292e+00 -2.0411e+00
 -1.8456e+00 -2.0231e+00 -7.1940e-01  2.7048e-17]
Ldoty_res:  [ 0.0000e+00 -8.8621e-04 -5.8229e-04 -2.5092e-04 -8.9215e-03 -5.9692e-02
  5.4480e-01 -9.9676e-03 -2.3227e-01  1.0259e-01  7.1836e-02 -4.3359e-02
 -6.4395e-01 -7.4384e-01 -2.3146e-01  5.7450e-01  1.6975e+00  1.9802e+00
  2.1829e+00  1.8687e+00  8.0077e-01 -5.0796e-16]
Ldotz_res:  [ 0.0000e+00 -8.0318e-04 -7.4464e-04 -8.2987e-04 -2.1714e-02  8.6879e-02
  1.4070e+00  1.7187e+00 -6.6223e-01 -1.4669e+00 -9.6636e-01 -7.9206e-01
 -6.5538e-01 -9.4151e-01 -2.1264e+00 -1.2382e+00 -4.4648e-01 -1.9064e-01
  3.0177e-02  2.1971e-01 -2.8628e-02 -3.8535e-02]
px_res:  [0.9171]
py_res:  [0.236]
pz_res:  [0.]
Ts_res:  [0.3  0.8  0.85]
FR1x_res:  [ 1.2692e+00  1.0220e+00  1.0770e+00  1.0479e+00  1.7551e+00  4.7107e+00
  3.2307e-02  2.5512e+01  9.6433e+00  3.9852e+00  5.8921e+00  6.5542e+00
  8.2975e+00  2.7418e+01  5.3870e-01  1.0920e+00  1.7410e+00  9.4958e-01
  4.0332e-01 -1.7286e+00  1.5734e+00  5.9042e-10]
FR1y_res:  [-3.1290e+00 -2.7688e+00 -2.6485e+00 -2.6483e+00 -7.2800e-01  4.4276e+00
 -2.7174e-01 -1.1195e+02 -4.0194e+01  3.1248e+01  1.4744e+01  1.2279e+01
 -1.1990e+01 -3.9686e+01 -5.2331e-01 -1.0699e+00 -1.7217e+00 -9.4075e-01
 -3.8237e-01  1.3787e+00  1.9209e-01 -1.0732e-09]
FR1z_res:  [101.6743 101.7061 103.1767 105.702  103.5327  20.4656   1.6373 400.
 400.     400.     400.     400.     400.     399.9997   2.0534   3.9554
   6.2899   4.1958   4.5922  11.8825 117.4599 333.3333]
Second Level Results:
x_res:  [0.6394 0.6457 0.6524 0.6596 0.6671 0.6751 0.6835 0.6923 0.7084 0.7257
 0.7442 0.7638 0.7846 0.8065 0.8295 0.8432 0.8573 0.8718 0.8865 0.9016
 0.9171 0.9328 0.961  0.9901 1.0201 1.0511 1.0829 1.1156 1.1492 1.1689
 1.1888 1.209  1.2294 1.2501 1.271  1.2922 1.3297 1.3679 1.4068 1.4464
 1.4866 1.5274 1.5689 1.5929 1.6171 1.6415 1.666  1.6908 1.7157 1.7407
 1.7849 1.8295 1.8746 1.92   1.9659 2.0122 2.0588 2.0857 2.1126 2.1396
 2.1668 2.194  2.2213 2.2487 2.2968 2.3452 2.3937 2.4424 2.4913 2.5403
 2.5894 2.6175 2.6456 2.6738 2.702  2.7301 2.7583 2.7866]
y_res:  [-0.0357 -0.0369 -0.038  -0.0391 -0.0401 -0.041  -0.042  -0.0429 -0.0443
 -0.0457 -0.0469 -0.048  -0.049  -0.0499 -0.0506 -0.051  -0.0513 -0.0516
 -0.0518 -0.0521 -0.0523 -0.0524 -0.0526 -0.0528 -0.0528 -0.0527 -0.0525
 -0.0523 -0.052  -0.0517 -0.0514 -0.0512 -0.0508 -0.0505 -0.0501 -0.0497
 -0.049  -0.0482 -0.0473 -0.0463 -0.0453 -0.0442 -0.0431 -0.0424 -0.0417
 -0.041  -0.0402 -0.0395 -0.0387 -0.0379 -0.0365 -0.035  -0.0335 -0.0319
 -0.0303 -0.0287 -0.027  -0.0261 -0.0251 -0.0241 -0.0231 -0.0221 -0.021
 -0.02   -0.0182 -0.0163 -0.0144 -0.0126 -0.0106 -0.0087 -0.0068 -0.0057
 -0.0046 -0.0035 -0.0023 -0.0012 -0.0001  0.001 ]
z_res:  [0.65   0.6498 0.6497 0.6495 0.6494 0.6493 0.6492 0.6492 0.6491 0.6491
 0.6492 0.6493 0.6494 0.6496 0.6499 0.65   0.6502 0.6504 0.6506 0.6509
 0.6511 0.6514 0.6518 0.6524 0.6529 0.6535 0.6542 0.6548 0.6556 0.656
 0.6564 0.6569 0.6573 0.6578 0.6583 0.6588 0.6597 0.6606 0.6616 0.6625
 0.6636 0.6646 0.6657 0.6663 0.6669 0.6675 0.6682 0.6688 0.6695 0.6702
 0.6714 0.6726 0.6738 0.675  0.6763 0.6776 0.6789 0.6796 0.6804 0.6811
 0.6819 0.6827 0.6834 0.6842 0.6856 0.6869 0.6883 0.6897 0.6911 0.6925
 0.6939 0.6947 0.6955 0.6963 0.6972 0.698  0.6988 0.6996]
xdot_res:  [0.1102 0.1177 0.125  0.1324 0.1396 0.1468 0.1539 0.1609 0.173  0.1848
 0.1964 0.2078 0.219  0.2299 0.2406 0.2467 0.2526 0.2585 0.2644 0.2701
 0.2758 0.2814 0.291  0.3004 0.3096 0.3185 0.3272 0.3357 0.3439 0.3486
 0.3532 0.3577 0.3621 0.3664 0.3707 0.3749 0.3821 0.389  0.3957 0.4022
 0.4084 0.4144 0.4203 0.4235 0.4267 0.4298 0.4328 0.4357 0.4386 0.4414
 0.4461 0.4506 0.4548 0.4589 0.4627 0.4663 0.4696 0.4715 0.4732 0.4749
 0.4766 0.4781 0.4796 0.481  0.4832 0.4853 0.4871 0.4886 0.49   0.4911
 0.492  0.4925 0.4928 0.4931 0.4933 0.4935 0.4936 0.4936]
ydot_res:  [-0.0202 -0.0194 -0.0186 -0.0178 -0.017  -0.0163 -0.0155 -0.0148 -0.0135
 -0.0122 -0.011  -0.0098 -0.0086 -0.0075 -0.0064 -0.0058 -0.0051 -0.0045
 -0.0039 -0.0033 -0.0028 -0.0022 -0.0012 -0.0002  0.0007  0.0016  0.0025
  0.0034  0.0042  0.0047  0.0052  0.0056  0.0061  0.0065  0.007   0.0074
  0.0081  0.0088  0.0095  0.0102  0.0108  0.0114  0.012   0.0123  0.0127
  0.013   0.0133  0.0136  0.0139  0.0142  0.0147  0.0151  0.0156  0.016
  0.0164  0.0167  0.0171  0.0173  0.0175  0.0176  0.0178  0.018   0.0181
  0.0183  0.0185  0.0187  0.0189  0.0191  0.0192  0.0193  0.0194  0.0195
  0.0195  0.0195  0.0196  0.0196  0.0196  0.0196]
zdot_res:  [-0.003  -0.0027 -0.0023 -0.002  -0.0017 -0.0013 -0.001  -0.0007 -0.0001
  0.0004  0.001   0.0015  0.002   0.0025  0.003   0.0032  0.0035  0.0038
  0.004   0.0043  0.0045  0.0048  0.0052  0.0056  0.006   0.0064  0.0068
  0.0072  0.0075  0.0077  0.0079  0.0081  0.0083  0.0085  0.0087  0.0089
  0.0092  0.0095  0.0098  0.0101  0.0104  0.0106  0.0109  0.011   0.0112
  0.0113  0.0114  0.0116  0.0117  0.0118  0.012   0.0122  0.0124  0.0126
  0.0128  0.0129  0.0131  0.0132  0.0133  0.0133  0.0134  0.0135  0.0135
  0.0136  0.0137  0.0138  0.0139  0.014   0.014   0.0141  0.0142  0.0142
  0.0142  0.0142  0.0143  0.0143  0.0143  0.0143]
px_res:  [1.2344 1.5511 1.8684 2.1853 2.4008]
py_res:  [-0.138   0.1471 -0.227   0.08   -0.1786]
pz_res:  [0. 0. 0. 0. 0.]
Ts_res:  [0.1465 0.5065 0.6641 1.0198 1.1743 1.5277 1.6804 2.0323 2.1837 2.5346
 2.685 ]
The  1 Round:
[[10.  -0.5 -0.5 10. ]
 [ 0.5  0.5 -0.5 -0.5]
 [ 0.   0.   0.   0. ]]
[[10.  -0.5 -0.5 10. ]
 [ 0.5  0.5 -0.5 -0.5]
 [ 0.   0.   0.   0. ]]
[[10.  -0.5 -0.5 10. ]
 [ 0.5  0.5 -0.5 -0.5]
 [ 0.   0.   0.   0. ]]
[[10.  -0.5 -0.5 10. ]
 [ 0.5  0.5 -0.5 -0.5]
 [ 0.   0.   0.   0. ]]
[[10.  -0.5 -0.5 10. ]
 [ 0.5  0.5 -0.5 -0.5]
 [ 0.   0.   0.   0. ]]
[[10.  -0.5 -0.5 10. ]
 [ 0.5  0.5 -0.5 -0.5]
 [ 0.   0.   0.   0. ]]

=======================================
           Academic License
       (NOT FOR COMMERCIAL USE)
         Artelys Knitro 10.3.0
=======================================

Knitro presolve eliminated 207 variables and 11890 constraints.

Knitro changing algorithm from AUTO to 1.
Knitro changing bar_initpt from AUTO to 3.
Knitro changing bar_murule from AUTO to 4.
Knitro changing bar_penaltycons from AUTO to 1.
Knitro changing bar_penaltyrule from AUTO to 2.
Knitro changing bar_switchrule from AUTO to 2.
Knitro changing linesearch from AUTO to 1.
Knitro changing linsolver from AUTO to 5.
Knitro shifted start point to satisfy presolved bounds (272 variables).
Knitro fixing 207 variables eliminated from the presolve.

Problem Characteristics                    ( Presolved)
-----------------------
Objective goal:  Minimize
Number of variables:                        1763 (      1556)
    bounded below only:                        0 (         0)
    bounded above only:                        0 (         0)
    bounded below and above:                1763 (      1556)
    fixed:                                     0 (         0)
    free:                                      0 (         0)
Number of constraints:                     23635 (     11757)
    linear equalities:                       885 (       471)
    nonlinear equalities:                    294 (       294)
    linear one-sided inequalities:         22442 (     10992)
    nonlinear one-sided inequalities:          0 (         0)
    linear two-sided inequalities:            14 (         0)
    nonlinear two-sided inequalities:          0 (         0)
Number of nonzeros in Jacobian:           120905 (     54256)
Number of nonzeros in Hessian:              5637 (      4368)

  Iter      Objective      FeasError   OptError    ||Step||    CGits 
--------  --------------  ----------  ----------  ----------  -------
       0    9.171372e+02   8.292e+00
      10    9.989600e+02   2.577e+00   2.768e+02   4.927e+02        0
      20    9.833177e+02   1.864e+00   5.904e+02   6.066e+01        0
      30    9.723506e+02   1.273e+00   8.493e+02   1.807e+02        0
      40    9.636046e+02   9.528e-01   1.678e+03   2.313e+02        0
      50    9.722149e+02   7.301e-01   1.464e+04   2.128e+02        0
      60    9.975807e+02   4.291e-01   6.349e+04   1.554e+02        0
      70    9.860962e+02   3.090e-01   9.211e+03   5.098e+02        0
      80    9.581929e+02   2.214e-01   3.076e+04   2.983e+02        0
      90    8.621471e+02   2.394e-01   1.921e+04   3.069e+02        0
     100    5.188804e+02   2.818e-01   3.680e+02   4.047e+02        0
     110    4.832095e+02   4.312e-01   2.942e+00   2.224e+02        0
     120    4.802919e+02   1.961e-03   3.720e-03   2.468e+02        0
     128    4.802893e+02   9.360e-07   3.232e-05   3.077e+01        0

EXIT: Locally optimal solution found.

Final Statistics
----------------
Final objective value               =   4.80289267794308e+02
Final feasibility error (abs / rel) =   9.36e-07 / 1.13e-07
Final optimality error  (abs / rel) =   3.23e-05 / 3.38e-07
# of iterations                     =        128 
# of CG iterations                  =         67 
# of function evaluations           =        130
# of gradient evaluations           =        130
# of Hessian evaluations            =        128
Total program time (secs)           =       2.62278 (     2.618 CPU time)
Time spent in evaluations (secs)    =       0.19192

===============================================================================

      solver  :   t_proc      (avg)   t_wall      (avg)    n_eval
      nlp_fg  |  81.86ms (624.88us)  81.63ms (623.14us)       131
   nlp_gf_jg  |  97.66ms (751.26us)  97.60ms (750.76us)       130
    nlp_grad  |   1.42ms (  1.42ms)   1.42ms (  1.42ms)         1
  nlp_hess_l  |  14.08ms (110.03us)  14.04ms (109.69us)       128
       total  |   2.85 s (  2.85 s)   2.98 s (  2.98 s)         1
Round  1 True
Full Cost Value:  2.652876710119828
Acceleration:  2.553599449319157
Momentum:  0.09927726080067102
Total Program Time:  2.8482
First Level NLP Results:
x_res:  [0.6394 0.6441 0.651  0.6607 0.6729 0.6871 0.703  0.72   0.7505 0.7763
 0.7987 0.8184 0.8357 0.8507 0.8643 0.8656 0.867  0.8683 0.8696 0.8709
 0.8723 0.8736]
y_res:  [-0.0357 -0.0366 -0.0344 -0.028  -0.0181 -0.0055  0.0093  0.0255  0.0552
  0.0767  0.0921  0.1021  0.107   0.1077  0.1054  0.1051  0.1047  0.1043
  0.104   0.1036  0.1033  0.1029]
z_res:  [0.65   0.6499 0.6511 0.6532 0.6562 0.66   0.6646 0.6698 0.6792 0.6834
 0.6844 0.6833 0.6805 0.6767 0.6722 0.6717 0.6713 0.6708 0.6703 0.6699
 0.6694 0.6689]
xdot_res:  [0.1102 0.1599 0.2273 0.2844 0.3317 0.3695 0.3978 0.4267 0.3614 0.3134
 0.2764 0.2409 0.2109 0.1905 0.1841 0.1846 0.1852 0.1858 0.1864 0.1871
 0.1878 0.1885]
ydot_res:  [-0.0202  0.0514  0.1496  0.2305  0.2952  0.3442  0.3782  0.4161  0.3009
  0.2159  0.14    0.0686  0.009  -0.0318 -0.0495 -0.0496 -0.0496 -0.0496
 -0.0496 -0.0495 -0.0494 -0.0493]
zdot_res:  [-0.003   0.0277  0.0499  0.0703  0.089   0.106   0.1216  0.1313  0.0593
  0.0138 -0.0157 -0.0379 -0.0537 -0.0631 -0.0659 -0.0657 -0.0654 -0.0651
 -0.0649 -0.0646 -0.0644 -0.0641]
Lx_res:  [ 0.0735  0.0735  0.0036 -0.0459 -0.0229  0.0447  0.1532  0.3032  0.0532
 -0.1968 -0.4468 -0.6847 -0.8468 -0.9767 -1.2136 -1.189  -1.1671 -1.1496
 -1.1367 -1.1221 -1.1067 -1.0951]
Ly_res:  [-0.0234 -0.0234  0.0442  0.0471  0.0265 -0.0532 -0.2032 -0.3532 -0.1032
  0.1468  0.3138  0.3632  0.4455  0.6007  0.7585  0.7835  0.8058  0.8236
  0.8366  0.8521  0.8676  0.8866]
Lz_res:  [-2.3356e-02 -2.3356e-02  1.0795e-02  2.0663e-02 -7.4381e-04 -3.5806e-03
 -2.0102e-02 -5.8104e-02 -6.1810e-02  2.5316e-02  1.6495e-01  2.6002e-01
  3.2150e-01  4.7143e-01  7.2143e-01  7.4643e-01  7.6653e-01  7.8213e-01
  7.9329e-01  8.0030e-01  8.0550e-01  8.1504e-01]
Ldotx_res:  [ 2.7048e-17 -1.6305e+00 -1.1560e+00  5.3612e-01  1.5789e+00  2.5302e+00
  3.5000e+00 -3.5000e+00 -3.5000e+00 -3.5000e+00 -3.3304e+00 -2.2693e+00
 -1.8185e+00 -3.3167e+00  3.4507e+00  3.0605e+00  2.4449e+00  1.8142e+00
  2.0382e+00  2.1587e+00  1.6210e+00  2.7048e-17]
Ldoty_res:  [-5.0796e-16  1.5761e+00  6.6897e-02 -4.7959e-01 -1.8606e+00 -3.4999e+00
 -3.5000e+00  3.5000e+00  3.5000e+00  2.3389e+00  6.9146e-01  1.1520e+00
  2.1729e+00  2.2090e+00  3.4999e+00  3.1172e+00  2.4972e+00  1.8266e+00
  2.1677e+00  2.1660e+00  2.6654e+00 -1.9978e-16]
Ldotz_res:  [-5.0796e-16  7.9685e-01  2.3025e-01 -4.9949e-01 -6.6192e-02 -3.8550e-01
 -8.8671e-01 -5.1885e-02  1.2198e+00  1.9548e+00  1.3310e+00  8.6080e-01
  2.0990e+00  3.5000e+00  3.5000e+00  2.8138e+00  2.1833e+00  1.5623e+00
  9.8145e-01  7.2877e-01  1.3356e+00  1.3117e+00]
px_res:  [1.2344]
py_res:  [-0.138]
pz_res:  [0.]
Ts_res:  [0.3  0.8  0.85]
FR1x_res:  [ 8.3222e-08  3.0808e-07 -3.6235e-07 -2.0757e-07 -1.4475e-07 -7.0205e-08
 -2.2039e-06  0.0000e+00  0.0000e+00  0.0000e+00  0.0000e+00  0.0000e+00
  0.0000e+00  0.0000e+00  5.5827e-03  6.0929e-03  1.4091e-03  6.7982e-06
 -3.7549e-04 -9.9145e-04  1.9901e-01 -6.4201e-16]
FR1y_res:  [ 6.3143e-06 -2.8906e-07 -2.1326e-07 -1.6135e-07 -1.4040e-07 -1.4406e-07
 -5.1159e-06  0.0000e+00  0.0000e+00  0.0000e+00  0.0000e+00  0.0000e+00
  0.0000e+00  0.0000e+00 -1.8487e-02 -1.0384e-02 -9.8408e-03 -6.7019e-03
 -1.2853e-03  1.2838e-02 -1.5346e+00 -2.1184e-14]
FR1z_res:  [1.0220e-04 2.8416e-04 2.9121e-04 2.9491e-04 2.9736e-04 2.9498e-04
 8.4860e-04 0.0000e+00 0.0000e+00 0.0000e+00 0.0000e+00 0.0000e+00
 0.0000e+00 0.0000e+00 7.5314e-02 6.8889e-02 8.4180e-02 1.0304e-01
 1.4382e-01 2.8446e-01 1.1136e+02 3.3333e+02]
Second Level Results:
x_res:  [0.8736 0.8844 0.8955 0.9069 0.9186 0.9306 0.9429 0.9556 0.9782 1.0017
 1.0262 1.0514 1.0776 1.1045 1.1323 1.1486 1.1652 1.1821 1.1992 1.2165
 1.2341 1.252  1.2836 1.3159 1.349  1.3827 1.4171 1.4522 1.4878 1.5086
 1.5295 1.5506 1.572  1.5935 1.6152 1.6371 1.6757 1.7148 1.7545 1.7947
 1.8353 1.8764 1.918  1.942  1.9661 1.9904 2.0148 2.0393 2.064  2.0888
 2.1323 2.1763 2.2205 2.2651 2.31   2.3551 2.4006 2.4267 2.4528 2.4791
 2.5054 2.5318 2.5583 2.5848 2.6313 2.678  2.7249 2.7719 2.8189 2.8661
 2.9134 2.9405 2.9675 2.9946 3.0217 3.0488 3.0759 3.1031]
y_res:  [ 1.0293e-01  1.0011e-01  9.7348e-02  9.4636e-02  9.1976e-02  8.9368e-02
  8.6811e-02  8.4305e-02  8.0007e-02  7.5859e-02  7.1860e-02  6.8006e-02
  6.4294e-02  6.0721e-02  5.7285e-02  5.5399e-02  5.3555e-02  5.1754e-02
  4.9996e-02  4.8279e-02  4.6603e-02  4.4968e-02  4.2176e-02  3.9505e-02
  3.6951e-02  3.4511e-02  3.2183e-02  2.9964e-02  2.7850e-02  2.6702e-02
  2.5586e-02  2.4503e-02  2.3453e-02  2.2434e-02  2.1446e-02  2.0489e-02
  1.8866e-02  1.7332e-02  1.5886e-02  1.4522e-02  1.3240e-02  1.2036e-02
  1.0907e-02  1.0303e-02  9.7225e-03  9.1646e-03  8.6289e-03  8.1147e-03
  7.6216e-03  7.1490e-03  6.3571e-03  5.6238e-03  4.9462e-03  4.3216e-03
  3.7471e-03  3.2201e-03  2.7376e-03  2.4859e-03  2.2472e-03  2.0212e-03
  1.8072e-03  1.6048e-03  1.4135e-03  1.2327e-03  9.3383e-04  6.6282e-04
  4.1690e-04  1.9327e-04 -1.0853e-05 -1.9826e-04 -3.7173e-04 -4.6448e-04
 -5.5412e-04 -6.4116e-04 -7.2612e-04 -8.0952e-04 -8.9188e-04 -9.7371e-04]
z_res:  [0.6689 0.6653 0.6617 0.6583 0.655  0.6518 0.6487 0.6457 0.6407 0.636
 0.6316 0.6275 0.6238 0.6203 0.6172 0.6155 0.614  0.6126 0.6112 0.6099
 0.6088 0.6077 0.6059 0.6044 0.6032 0.6022 0.6015 0.601  0.6007 0.6007
 0.6007 0.6008 0.601  0.6012 0.6016 0.6019 0.6027 0.6037 0.6049 0.6062
 0.6077 0.6094 0.6113 0.6124 0.6136 0.6149 0.6162 0.6175 0.6189 0.6204
 0.6229 0.6257 0.6285 0.6314 0.6345 0.6377 0.6409 0.6428 0.6448 0.6467
 0.6487 0.6508 0.6528 0.6549 0.6585 0.6622 0.666  0.6698 0.6737 0.6776
 0.6815 0.6838 0.686  0.6883 0.6906 0.6929 0.6951 0.6974]
xdot_res:  [0.1885 0.1941 0.1996 0.205  0.2104 0.2158 0.2211 0.2263 0.2353 0.2441
 0.2528 0.2613 0.2696 0.2778 0.2858 0.2903 0.2948 0.2992 0.3036 0.3079
 0.3121 0.3163 0.3235 0.3305 0.3373 0.344  0.3505 0.3568 0.363  0.3664
 0.3699 0.3732 0.3765 0.3798 0.383  0.3861 0.3915 0.3966 0.4016 0.4065
 0.4111 0.4156 0.42   0.4224 0.4247 0.4271 0.4293 0.4315 0.4337 0.4358
 0.4393 0.4426 0.4458 0.4488 0.4516 0.4543 0.4568 0.4581 0.4595 0.4607
 0.4619 0.4631 0.4642 0.4653 0.4669 0.4684 0.4698 0.4709 0.4719 0.4728
 0.4734 0.4737 0.474  0.4742 0.4744 0.4745 0.4746 0.4746]
ydot_res:  [-0.0493 -0.0484 -0.0475 -0.0465 -0.0456 -0.0447 -0.0439 -0.043  -0.0415
 -0.04   -0.0385 -0.0371 -0.0357 -0.0344 -0.033  -0.0323 -0.0315 -0.0308
 -0.03   -0.0293 -0.0286 -0.0279 -0.0267 -0.0255 -0.0244 -0.0233 -0.0222
 -0.0211 -0.0201 -0.0195 -0.0189 -0.0184 -0.0178 -0.0173 -0.0168 -0.0162
 -0.0153 -0.0145 -0.0136 -0.0128 -0.012  -0.0113 -0.0106 -0.0102 -0.0098
 -0.0094 -0.009  -0.0086 -0.0083 -0.0079 -0.0073 -0.0068 -0.0062 -0.0057
 -0.0053 -0.0048 -0.0044 -0.0042 -0.004  -0.0037 -0.0035 -0.0033 -0.0032
 -0.003  -0.0027 -0.0025 -0.0022 -0.002  -0.0019 -0.0017 -0.0016 -0.0016
 -0.0015 -0.0015 -0.0015 -0.0014 -0.0014 -0.0014]
zdot_res:  [-0.0641 -0.0621 -0.0601 -0.0581 -0.0561 -0.0541 -0.0522 -0.0503 -0.047
 -0.0438 -0.0406 -0.0375 -0.0345 -0.0315 -0.0286 -0.027  -0.0253 -0.0237
 -0.0221 -0.0206 -0.019  -0.0175 -0.0149 -0.0123 -0.0099 -0.0074 -0.0051
 -0.0028 -0.0005  0.0007  0.002   0.0032  0.0044  0.0056  0.0067  0.0079
  0.0098  0.0117  0.0135  0.0152  0.0169  0.0186  0.0201  0.021   0.0219
  0.0227  0.0235  0.0243  0.0251  0.0259  0.0271  0.0283  0.0295  0.0306
  0.0316  0.0326  0.0335  0.034   0.0345  0.0349  0.0354  0.0358  0.0362
  0.0366  0.0372  0.0377  0.0382  0.0386  0.039   0.0393  0.0395  0.0396
  0.0397  0.0398  0.0399  0.0399  0.0399  0.0399]
px_res:  [1.5517 1.869  2.1863 2.5033 2.7192]
py_res:  [ 0.236  -0.1371  0.237  -0.08    0.1756]
pz_res:  [0. 0. 0. 0. 0.]
Ts_res:  [0.1465 0.5065 0.6641 1.0198 1.1743 1.5277 1.6804 2.0323 2.1837 2.5346
 2.685 ]
The  2 Round:
[[10.  -0.5 -0.5 10. ]
 [ 0.5  0.5 -0.5 -0.5]
 [ 0.   0.   0.   0. ]]
[[10.  -0.5 -0.5 10. ]
 [ 0.5  0.5 -0.5 -0.5]
 [ 0.   0.   0.   0. ]]
[[10.  -0.5 -0.5 10. ]
 [ 0.5  0.5 -0.5 -0.5]
 [ 0.   0.   0.   0. ]]
[[10.  -0.5 -0.5 10. ]
 [ 0.5  0.5 -0.5 -0.5]
 [ 0.   0.   0.   0. ]]
[[10.  -0.5 -0.5 10. ]
 [ 0.5  0.5 -0.5 -0.5]
 [ 0.   0.   0.   0. ]]
[[10.  -0.5 -0.5 10. ]
 [ 0.5  0.5 -0.5 -0.5]
 [ 0.   0.   0.   0. ]]

=======================================
           Academic License
       (NOT FOR COMMERCIAL USE)
         Artelys Knitro 10.3.0
=======================================

Knitro presolve eliminated 207 variables and 11834 constraints.

Knitro changing algorithm from AUTO to 1.
Knitro changing bar_initpt from AUTO to 3.
Knitro changing bar_murule from AUTO to 4.
Knitro changing bar_penaltycons from AUTO to 1.
Knitro changing bar_penaltyrule from AUTO to 2.
Knitro changing bar_switchrule from AUTO to 2.
Knitro changing linesearch from AUTO to 1.
Knitro changing linsolver from AUTO to 5.
Knitro shifted start point to satisfy presolved bounds (27 variables).
Knitro fixing 207 variables eliminated from the presolve.

Problem Characteristics                    ( Presolved)
-----------------------
Objective goal:  Minimize
Number of variables:                        1763 (      1556)
    bounded below only:                        0 (         0)
    bounded above only:                        0 (         0)
    bounded below and above:                1763 (      1556)
    fixed:                                     0 (         0)
    free:                                      0 (         0)
Number of constraints:                     23635 (     11813)
    linear equalities:                       885 (       471)
    nonlinear equalities:                    294 (       294)
    linear one-sided inequalities:         22442 (     11048)
    nonlinear one-sided inequalities:          0 (         0)
    linear two-sided inequalities:            14 (         0)
    nonlinear two-sided inequalities:          0 (         0)
Number of nonzeros in Jacobian:           120905 (     54420)
Number of nonzeros in Hessian:              5637 (      4368)

  Iter      Objective      FeasError   OptError    ||Step||    CGits 
--------  --------------  ----------  ----------  ----------  -------
       0    5.229649e+02   5.204e+01
      10    6.728558e+02   4.304e+00   2.155e+02   2.855e+02        0
      20    4.522453e+02   1.041e-01   5.050e+00   2.757e+02        0
      30    4.382933e+02   7.160e-03   5.316e-02   1.603e+02        0
      40    4.381108e+02   1.674e-05   2.340e-04   1.023e+02        0
      41    4.381108e+02   2.347e-06   8.431e-06   1.071e+02        0

EXIT: Locally optimal solution found.

Final Statistics
----------------
Final objective value               =   4.38110779451679e+02
Final feasibility error (abs / rel) =   2.35e-06 / 4.51e-08
Final optimality error  (abs / rel) =   8.43e-06 / 9.24e-08
# of iterations                     =         41 
# of CG iterations                  =          1 
# of function evaluations           =         43
# of gradient evaluations           =         43
# of Hessian evaluations            =         41
Total program time (secs)           =       0.81665 (     0.817 CPU time)
Time spent in evaluations (secs)    =       0.06197

===============================================================================

      solver  :   t_proc      (avg)   t_wall      (avg)    n_eval
      nlp_fg  |  26.71ms (607.02us)  26.63ms (605.25us)        44
   nlp_gf_jg  |  31.75ms (738.33us)  31.70ms (737.32us)        43
    nlp_grad  |   1.48ms (  1.48ms)   1.48ms (  1.48ms)         1
  nlp_hess_l  |   4.43ms (108.02us)   4.41ms (107.54us)        41
       total  |   1.04 s (  1.04 s)   1.19 s (  1.19 s)         1
Round  2 True
Full Cost Value:  3.258352544751074
Acceleration:  1.473101808514538
Momentum:  1.7852507362365369
Total Program Time:  1.0406
First Level NLP Results:
x_res:  [0.8736 0.8817 0.8912 0.9035 0.9178 0.9337 0.9504 0.9677 0.9972 1.0206
 1.0385 1.0512 1.0595 1.0647 1.068  1.0683 1.0686 1.0689 1.0692 1.0696
 1.0699 1.0703]
y_res:  [ 0.1029  0.1008  0.0962  0.0895  0.0808  0.0703  0.0582  0.0448  0.0207
  0.0011 -0.0157 -0.0308 -0.045  -0.0584 -0.0708 -0.0719 -0.0731 -0.0742
 -0.0753 -0.0765 -0.0776 -0.0787]
z_res:  [0.6689 0.6662 0.6645 0.6635 0.6634 0.664  0.6653 0.6673 0.6716 0.6716
 0.6682 0.6626 0.6556 0.6479 0.64   0.6393 0.6385 0.6378 0.6371 0.6364
 0.6357 0.635 ]
xdot_res:  [0.1885 0.222  0.2864 0.3348 0.3693 0.3914 0.4026 0.4129 0.3279 0.2501
 0.1778 0.1171 0.0721 0.0462 0.042  0.0432 0.0443 0.0455 0.0467 0.048
 0.0492 0.0505]
ydot_res:  [-0.0493 -0.1068 -0.1564 -0.2029 -0.2454 -0.2828 -0.3136 -0.3363 -0.275
 -0.2347 -0.2119 -0.1992 -0.1868 -0.1735 -0.1617 -0.1606 -0.1594 -0.1583
 -0.1571 -0.156  -0.1549 -0.1538]
zdot_res:  [-0.0641 -0.0404 -0.0218 -0.0036  0.0142  0.0309  0.0454  0.0609 -0.0006
 -0.0469 -0.0782 -0.0979 -0.1083 -0.1104 -0.1036 -0.1022 -0.1009 -0.0995
 -0.0982 -0.0968 -0.0955 -0.0941]
Lx_res:  [-1.0951e+00 -1.0951e+00 -1.0082e+00 -9.3800e-01 -9.7894e-01 -1.0565e+00
 -1.1083e+00 -1.2103e+00 -9.6034e-01 -7.1034e-01 -4.6034e-01 -2.1034e-01
 -4.9961e-02  4.2693e-02  8.0161e-02  5.9527e-02  4.0315e-02  2.0203e-02
 -1.1477e-03 -2.3289e-02 -4.5510e-02 -6.9937e-02]
Ly_res:  [0.8866 0.8866 1.0111 1.0749 1.0275 0.9512 0.8805 0.7305 0.8309 0.8698
 0.8627 0.8528 0.8755 0.962  1.1383 1.1196 1.1025 1.0843 1.0651 1.045
 1.0249 1.0161]
Lz_res:  [ 0.8866  0.8866  0.7807  0.6307  0.4807  0.3446  0.3076  0.3354  0.1814
 -0.0686 -0.3186 -0.5686 -0.8186 -1.0686 -1.3186 -1.3436 -1.3671 -1.3892
 -1.4123 -1.4364 -1.4614 -1.4864]
Ldotx_res:  [ 2.7048e-17  2.0281e+00  1.6381e+00 -9.5529e-01 -1.8109e+00 -1.2079e+00
 -2.3805e+00  3.5000e+00  3.5000e+00  3.5000e+00  3.5000e+00  2.2453e+00
  1.2972e+00  5.2455e-01 -2.8887e+00 -2.6897e+00 -2.8157e+00 -2.9891e+00
 -3.0997e+00 -3.1109e+00 -3.4199e+00  2.7048e-17]
Ldoty_res:  [-1.9978e-16  2.9046e+00  1.4886e+00 -1.1072e+00 -1.7793e+00 -1.6490e+00
 -3.5000e+00  1.4046e+00  5.4471e-01 -9.8945e-02 -1.3888e-01  3.1833e-01
  1.2111e+00  2.4671e+00 -2.6076e+00 -2.4048e+00 -2.5392e+00 -2.6944e+00
 -2.8127e+00 -2.8103e+00 -1.2269e+00 -1.3256e-16]
Ldotz_res:  [-1.9978e-16 -2.4731e+00 -3.5000e+00 -3.5000e+00 -3.1738e+00 -8.6464e-01
  6.5020e-01 -2.1564e+00 -3.5000e+00 -3.5000e+00 -3.5000e+00 -3.5000e+00
 -3.5000e+00 -3.5000e+00 -3.5000e+00 -3.2956e+00 -3.0923e+00 -3.2262e+00
 -3.3811e+00 -3.4997e+00 -3.4998e+00 -3.2550e+00]
px_res:  [1.5506]
py_res:  [0.08]
pz_res:  [0.]
Ts_res:  [0.3  0.8  0.85]
FR1x_res:  [-7.1491e-06  4.6759e-08  1.7487e-07  1.4809e-07  8.0220e-07  6.9787e-08
 -2.9149e-06  1.4332e-01 -8.5622e+00 -1.0699e+01 -4.6700e+00 -5.6067e+00
 -2.9290e+00  2.9635e-02 -1.4120e+01 -1.2775e+01  2.6265e+00  9.7870e+00
 -5.8549e-01  1.6858e-01  2.6185e-01  6.7303e-12]
FR1y_res:  [-1.3400e-05 -4.4739e-08  1.7851e-07  9.3265e-08  1.6138e-06 -9.0991e-08
 -6.2570e-06 -1.4949e+01  1.2970e+01  1.6057e+01  8.1701e+00  9.3409e+00
  4.1224e+00 -3.0917e-01  1.4527e+01  1.3209e+01 -4.0788e+00 -1.0142e+01
  3.2387e-01 -1.0660e+00  3.9099e+00 -1.2218e-11]
FR1z_res:  [1.1211e-04 2.2667e-04 2.3488e-04 2.4754e-04 2.6761e-04 2.9606e-04
 3.6246e-04 4.9831e+01 7.0091e+01 8.9971e+01 6.6040e+01 1.1721e+02
 1.2891e+02 1.4050e+02 4.8955e+01 4.4957e+01 2.6308e+01 3.8422e+01
 1.8228e+01 1.5772e+01 1.0972e+02 3.3333e+02]
Second Level Results:
x_res:  [1.0703 1.0731 1.0766 1.0806 1.0853 1.0904 1.0961 1.1024 1.1144 1.1279
 1.1431 1.1599 1.1782 1.1981 1.2194 1.2325 1.246  1.26   1.2744 1.2893
 1.3047 1.3205 1.3489 1.3787 1.4097 1.442  1.4756 1.5103 1.5462 1.5673
 1.5889 1.6108 1.633  1.6556 1.6785 1.7018 1.7431 1.7854 1.8286 1.8728
 1.9178 1.9637 2.0105 2.0376 2.0651 2.0927 2.1206 2.1488 2.1772 2.2058
 2.2562 2.3073 2.359  2.4113 2.4642 2.5176 2.5714 2.6025 2.6336 2.665
 2.6964 2.728  2.7597 2.7916 2.8474 2.9036 2.9601 3.0168 3.0737 3.1309
 3.1881 3.2209 3.2537 3.2866 3.3195 3.3524 3.3853 3.4182]
y_res:  [-0.0787 -0.0875 -0.0958 -0.1036 -0.1109 -0.1178 -0.1242 -0.1302 -0.1401
 -0.1487 -0.1563 -0.1629 -0.1685 -0.1733 -0.1774 -0.1793 -0.181  -0.1825
 -0.1839 -0.185  -0.1861 -0.187  -0.1883 -0.1893 -0.1899 -0.1901 -0.19
 -0.1895 -0.1887 -0.1881 -0.1873 -0.1864 -0.1854 -0.1844 -0.1832 -0.1819
 -0.1795 -0.1768 -0.1738 -0.1706 -0.1671 -0.1633 -0.1593 -0.1569 -0.1544
 -0.1519 -0.1492 -0.1465 -0.1437 -0.1409 -0.1358 -0.1305 -0.1251 -0.1195
 -0.1137 -0.1078 -0.1017 -0.0981 -0.0945 -0.0909 -0.0872 -0.0835 -0.0798
 -0.076  -0.0693 -0.0625 -0.0557 -0.0488 -0.0418 -0.0348 -0.0277 -0.0236
 -0.0196 -0.0155 -0.0114 -0.0073 -0.0032  0.0009]
z_res:  [0.635  0.6297 0.6249 0.6206 0.6169 0.6137 0.6109 0.6085 0.6051 0.6027
 0.6012 0.6003 0.6    0.6    0.6003 0.6006 0.6009 0.6013 0.6018 0.6023
 0.6028 0.6034 0.6044 0.6055 0.6067 0.6079 0.6092 0.6106 0.612  0.6128
 0.6137 0.6146 0.6155 0.6165 0.6174 0.6184 0.6201 0.6219 0.6238 0.6257
 0.6276 0.6296 0.6316 0.6328 0.634  0.6352 0.6365 0.6377 0.639  0.6402
 0.6425 0.6447 0.6471 0.6494 0.6518 0.6542 0.6566 0.658  0.6594 0.6608
 0.6623 0.6637 0.6652 0.6666 0.6691 0.6717 0.6743 0.6769 0.6795 0.6821
 0.6847 0.6862 0.6877 0.6892 0.6907 0.6922 0.6937 0.6953]
xdot_res:  [0.0505 0.0606 0.0707 0.0806 0.0904 0.1002 0.1098 0.1193 0.1358 0.1519
 0.1677 0.1833 0.1986 0.2135 0.2282 0.2365 0.2447 0.2528 0.2609 0.2688
 0.2766 0.2843 0.2975 0.3104 0.323  0.3353 0.3473 0.359  0.3704 0.3767
 0.383  0.3892 0.3953 0.4013 0.4072 0.413  0.4228 0.4324 0.4416 0.4505
 0.4591 0.4674 0.4754 0.4798 0.4842 0.4885 0.4926 0.4967 0.5007 0.5045
 0.511  0.5171 0.523  0.5285 0.5337 0.5386 0.5432 0.5458 0.5482 0.5505
 0.5528 0.5549 0.5569 0.5589 0.5619 0.5647 0.5671 0.5693 0.5711 0.5727
 0.5739 0.5745 0.575  0.5754 0.5757 0.5759 0.576  0.576 ]
ydot_res:  [-0.1538 -0.145  -0.1366 -0.1284 -0.1205 -0.1128 -0.1054 -0.0983 -0.0866
 -0.0757 -0.0657 -0.0564 -0.048  -0.0404 -0.0336 -0.03   -0.0266 -0.0236
 -0.0207 -0.0182 -0.0159 -0.0136 -0.0098 -0.006  -0.0023  0.0013  0.0048
  0.0082  0.0116  0.0134  0.0153  0.0171  0.0189  0.0206  0.0224  0.0241
  0.0269  0.0297  0.0324  0.035   0.0375  0.04    0.0423  0.0436  0.0449
  0.0461  0.0474  0.0485  0.0497  0.0508  0.0527  0.0545  0.0562  0.0578
  0.0594  0.0608  0.0622  0.0629  0.0636  0.0643  0.0649  0.0656  0.0662
  0.0667  0.0676  0.0684  0.0692  0.0698  0.0703  0.0708  0.0711  0.0713
  0.0715  0.0716  0.0717  0.0717  0.0718  0.0718]
zdot_res:  [-9.4139e-02 -8.3894e-02 -7.4211e-02 -6.5091e-02 -5.6533e-02 -4.8539e-02
 -4.1108e-02 -3.4239e-02 -2.3943e-02 -1.5371e-02 -8.5226e-03 -3.3977e-03
  4.0960e-06  2.7247e-03  5.0016e-03  6.1581e-03  7.1700e-03  8.0373e-03
  8.7603e-03  9.3388e-03  9.7729e-03  1.0201e-02  1.0934e-02  1.1650e-02
  1.2348e-02  1.3030e-02  1.3694e-02  1.4342e-02  1.4972e-02  1.5327e-02
  1.5676e-02  1.6019e-02  1.6357e-02  1.6690e-02  1.7017e-02  1.7338e-02
  1.7883e-02  1.8412e-02  1.8923e-02  1.9418e-02  1.9895e-02  2.0356e-02
  2.0799e-02  2.1047e-02  2.1290e-02  2.1527e-02  2.1758e-02  2.1984e-02
  2.2204e-02  2.2419e-02  2.2778e-02  2.3119e-02  2.3444e-02  2.3752e-02
  2.4043e-02  2.4316e-02  2.4573e-02  2.4714e-02  2.4850e-02  2.4980e-02
  2.5104e-02  2.5223e-02  2.5337e-02  2.5444e-02  2.5616e-02  2.5770e-02
  2.5908e-02  2.6028e-02  2.6131e-02  2.6217e-02  2.6286e-02  2.6320e-02
  2.6348e-02  2.6370e-02  2.6387e-02  2.6399e-02  2.6404e-02  2.6404e-02]
px_res:  [1.8679 2.1853 2.5026 2.8199 3.0294]
py_res:  [-0.2941  0.08   -0.2941  0.08   -0.1855]
pz_res:  [0. 0. 0. 0. 0.]
Ts_res:  [0.1465 0.5065 0.6641 1.0198 1.1743 1.5277 1.6804 2.0324 2.1838 2.5346
 2.685 ]
The  3 Round:
[[10.  -0.5 -0.5 10. ]
 [ 0.5  0.5 -0.5 -0.5]
 [ 0.   0.   0.   0. ]]
[[10.  -0.5 -0.5 10. ]
 [ 0.5  0.5 -0.5 -0.5]
 [ 0.   0.   0.   0. ]]
[[10.  -0.5 -0.5 10. ]
 [ 0.5  0.5 -0.5 -0.5]
 [ 0.   0.   0.   0. ]]
[[10.  -0.5 -0.5 10. ]
 [ 0.5  0.5 -0.5 -0.5]
 [ 0.   0.   0.   0. ]]
[[10.  -0.5 -0.5 10. ]
 [ 0.5  0.5 -0.5 -0.5]
 [ 0.   0.   0.   0. ]]
[[10.  -0.5 -0.5 10. ]
 [ 0.5  0.5 -0.5 -0.5]
 [ 0.   0.   0.   0. ]]

=======================================
           Academic License
       (NOT FOR COMMERCIAL USE)
         Artelys Knitro 10.3.0
=======================================

Knitro presolve eliminated 207 variables and 11798 constraints.

Knitro changing algorithm from AUTO to 1.
Knitro changing bar_initpt from AUTO to 3.
Knitro changing bar_murule from AUTO to 4.
Knitro changing bar_penaltycons from AUTO to 1.
Knitro changing bar_penaltyrule from AUTO to 2.
Knitro changing bar_switchrule from AUTO to 2.
Knitro changing linesearch from AUTO to 1.
Knitro changing linsolver from AUTO to 5.
Knitro shifted start point to satisfy presolved bounds (65 variables).
Knitro fixing 207 variables eliminated from the presolve.

Problem Characteristics                    ( Presolved)
-----------------------
Objective goal:  Minimize
Number of variables:                        1763 (      1556)
    bounded below only:                        0 (         0)
    bounded above only:                        0 (         0)
    bounded below and above:                1763 (      1556)
    fixed:                                     0 (         0)
    free:                                      0 (         0)
Number of constraints:                     23635 (     11849)
    linear equalities:                       885 (       471)
    nonlinear equalities:                    294 (       294)
    linear one-sided inequalities:         22442 (     11084)
    nonlinear one-sided inequalities:          0 (         0)
    linear two-sided inequalities:            14 (         0)
    nonlinear two-sided inequalities:          0 (         0)
Number of nonzeros in Jacobian:           120905 (     54526)
Number of nonzeros in Hessian:              5637 (      4368)

  Iter      Objective      FeasError   OptError    ||Step||    CGits 
--------  --------------  ----------  ----------  ----------  -------
       0    4.801622e+02   5.022e+01
      10    7.026267e+02   1.755e+01   2.539e+02   1.257e+02        0
      20    7.276616e+02   3.683e+00   3.869e+02   2.002e+02        0
      30    7.117216e+02   4.899e-01   4.941e+03   2.295e+02        0
      40    5.895020e+02   3.279e-02   1.557e+03   1.827e+02        0
      50    5.451429e+02   5.845e-03   2.864e+03   8.389e+01        0
      60    5.388056e+02   3.650e-03   4.115e+03   1.726e+01        0
      70    5.357431e+02   1.749e-02   1.042e+02   1.495e+02        0
      80    5.367883e+02   3.444e-03   1.038e+02   6.626e+00        0
      90    5.331737e+02   3.473e-03   7.086e+01   1.295e+02        0
     100    5.339794e+02   3.485e-03   4.337e+01   7.438e+01        0
     110    5.339594e+02   3.504e-03   8.481e+01   2.748e+01        0
     120    5.338844e+02   3.504e-03   4.873e+02   2.840e-04        0
     130    5.338841e+02   3.504e-03   3.666e+02   2.214e-04        0
     140    5.338838e+02   3.504e-03   3.666e+02   3.524e-04        0
     150    5.342782e+02   5.065e-03   3.665e+02   1.280e+00        1
     160    5.425459e+02   1.312e-02   3.646e+02   1.922e+01        2
     170    5.872882e+02   1.217e-02   3.535e+02   6.293e+00        4
     180    6.564207e+02   4.270e-02   3.455e+02   1.143e+02        0
     190    7.991127e+02   1.968e-02   2.452e+02   2.759e+02        0
     200    8.130033e+02   1.695e-02   3.274e+02   1.295e+02        0
     210    8.101116e+02   1.675e-02   3.500e+02   5.171e+00        0
     220    8.157443e+02   1.673e-02   3.524e+02   5.500e+02        0
     221    8.153232e+02   1.673e-02   3.524e+02   1.330e+01        0

EXIT: Convergence to an infeasible point. Problem appears to be locally
      infeasible. If problem is believed to be feasible, try multistart 
      to search for feasible points, or decrease infeastol.

Final Statistics
----------------
Final objective value               =   8.15323218096380e+02
Final feasibility error (abs / rel) =   1.67e-02 / 3.33e-04
Final optimality error  (abs / rel) =   3.52e+02 / 1.00e+00
# of iterations                     =        221 
# of CG iterations                  =         91 
# of function evaluations           =        387
# of gradient evaluations           =        223
# of Hessian evaluations            =        222
Total program time (secs)           =       5.32563 (     5.325 CPU time)
Time spent in evaluations (secs)    =       0.43033

===============================================================================

      solver  :   t_proc      (avg)   t_wall      (avg)    n_eval
      nlp_fg  | 235.96ms (608.14us) 235.28ms (606.38us)       388
   nlp_gf_jg  | 163.88ms (734.90us) 163.47ms (733.05us)       223
    nlp_grad  |   1.29ms (  1.29ms)   1.29ms (  1.29ms)         1
  nlp_hess_l  |  24.86ms (112.00us)  24.73ms (111.39us)       222
       total  |   5.55 s (  5.55 s)   5.68 s (  5.68 s)         1
Fail at Round  3
Total Program Time:  5.5493
Accumulated Full Cost is:  5.9687
Accumulated Acc Cost is:  4.0677
Accumulated Momentum Cost is:  1.9011
Total Cost is:  803.4352
Terminal Cost is:  797.4664
Terminal X position is:  1.0703
Terminal Y position is:  -0.0787
Terminal Z position is:  0.635
