==================================================================
A new Round
 
Initial Seed Type:  previous
Chosen Solver:  CoM
Number of LookAhead:  9
Flat Terrain, use the default set up of terrain tangent and norm
The  0 Round:
[[10.  -0.5 -0.5 10. ]
 [ 0.5  0.5 -0.5 -0.5]
 [ 0.   0.   0.   0. ]]
[[10.  -0.5 -0.5 10. ]
 [ 0.5  0.5 -0.5 -0.5]
 [ 0.   0.   0.   0. ]]
[[10.  -0.5 -0.5 10. ]
 [ 0.5  0.5 -0.5 -0.5]
 [ 0.   0.   0.   0. ]]
[[10.  -0.5 -0.5 10. ]
 [ 0.5  0.5 -0.5 -0.5]
 [ 0.   0.   0.   0. ]]
[[10.  -0.5 -0.5 10. ]
 [ 0.5  0.5 -0.5 -0.5]
 [ 0.   0.   0.   0. ]]
[[10.  -0.5 -0.5 10. ]
 [ 0.5  0.5 -0.5 -0.5]
 [ 0.   0.   0.   0. ]]
[[10.  -0.5 -0.5 10. ]
 [ 0.5  0.5 -0.5 -0.5]
 [ 0.   0.   0.   0. ]]
[[10.  -0.5 -0.5 10. ]
 [ 0.5  0.5 -0.5 -0.5]
 [ 0.   0.   0.   0. ]]
[[10.  -0.5 -0.5 10. ]
 [ 0.5  0.5 -0.5 -0.5]
 [ 0.   0.   0.   0. ]]

=======================================
           Academic License
       (NOT FOR COMMERCIAL USE)
         Artelys Knitro 10.3.0
=======================================

Knitro presolve eliminated 273 variables and 16834 constraints.

Knitro changing algorithm from AUTO to 1.
Knitro changing bar_initpt from AUTO to 3.
Knitro changing bar_murule from AUTO to 4.
Knitro changing bar_penaltycons from AUTO to 1.
Knitro changing bar_penaltyrule from AUTO to 2.
Knitro changing bar_switchrule from AUTO to 2.
Knitro changing linesearch from AUTO to 1.
Knitro changing linsolver from AUTO to 5.
Knitro shifted start point to satisfy presolved bounds (455 variables).
Knitro fixing 273 variables eliminated from the presolve.

Problem Characteristics                    ( Presolved)
-----------------------
Objective goal:  Minimize
Number of variables:                        2282 (      2009)
    bounded below only:                        0 (         0)
    bounded above only:                        0 (         0)
    bounded below and above:                2282 (      2009)
    fixed:                                     0 (         0)
    free:                                      0 (         0)
Number of constraints:                     33103 (     16287)
    linear equalities:                      1275 (       723)
    nonlinear equalities:                    294 (       294)
    linear one-sided inequalities:         31514 (     15270)
    nonlinear one-sided inequalities:          0 (         0)
    linear two-sided inequalities:            20 (         0)
    nonlinear two-sided inequalities:          0 (         0)
Number of nonzeros in Jacobian:           174329 (     75864)
Number of nonzeros in Hessian:              6015 (      4620)

  Iter      Objective      FeasError   OptError    ||Step||    CGits 
--------  --------------  ----------  ----------  ----------  -------
       0    3.854741e+03   2.359e+03
      10    3.408119e+03   2.135e+03   9.622e+01   5.052e+02        0
      20    3.108692e+03   1.987e+03   9.437e+01   1.182e+02        0
      30    2.992954e+03   1.921e+03   6.549e+02   1.400e+02        0
      40    2.932085e+03   1.882e+03   1.347e+03   9.452e+01        0
      50    2.862909e+03   1.847e+03   1.381e+04   2.212e+02        0
      60    2.826164e+03   1.695e+03   2.811e+04   1.698e+02        0
      70    2.772778e+03   1.664e+03   6.452e+04   1.117e+02        0
      80    2.704029e+03   1.623e+03   1.208e+05   2.592e+02        0
      90    2.627849e+03   1.574e+03   1.990e+05   5.118e+01        0
     100    2.583315e+03   1.370e+03   3.435e+04   1.847e+02        0
     110    2.491218e+03   1.314e+03   1.186e+04   1.514e+02        0
     120    2.450775e+03   1.288e+03   3.978e+04   2.657e+01        0
     130    2.423633e+03   1.105e+03   1.802e+03   3.979e+01        0
     140    2.327301e+03   1.062e+03   2.384e+04   1.451e+02        0
     150    2.216052e+03   1.003e+03   1.615e+05   2.607e+02        0
     160    2.118830e+03   9.503e+02   2.650e+05   5.936e+01        0
     170    2.069957e+03   8.575e+02   3.825e+05   1.725e+02        0
     180    2.028718e+03   7.983e+02   2.637e+05   9.567e+01        0
     190    1.953252e+03   7.631e+02   2.637e+05   1.245e+02        0
     200    1.832194e+03   6.946e+02   2.394e+05   1.905e+02        0
     210    1.755234e+03   6.543e+02   2.395e+05   3.358e+00        0
     220    1.689753e+03   6.127e+02   1.752e+05   4.335e+01       11
     230    1.678820e+03   5.909e+02   1.876e+04   9.452e+01        0
     240    1.619559e+03   5.535e+02   9.647e+03   9.531e+01       29
     250    1.590969e+03   5.264e+02   9.647e+03   1.745e+01        0
     260    1.547737e+03   4.891e+02   9.647e+03   1.360e+02        0
     270    1.506919e+03   4.602e+02   9.647e+03   1.186e+02        0
     280    1.464623e+03   4.307e+02   6.981e+03   8.673e+01        0
     290    1.446344e+03   4.195e+02   6.984e+03   1.198e+02        0
     300    1.411252e+03   4.027e+02   6.984e+03   2.000e+02        0
     310    1.376454e+03   3.931e+02   6.984e+03   9.946e+01        0
     320    1.237741e+03   3.757e+02   1.753e+03   1.973e+02        0
     330    1.219125e+03   3.576e+02   1.751e+03   1.237e+02        0
     340    1.189955e+03   3.421e+02   1.750e+03   5.086e+01        0
     350    1.176688e+03   3.259e+02   1.747e+03   8.629e+01        0
     360    1.156296e+03   3.072e+02   3.987e+03   5.226e+01        0
     370    1.164181e+03   2.812e+02   3.736e+03   1.373e+02        0
     380    1.146905e+03   2.616e+02   6.125e+04   8.607e+01        0
     390    1.109311e+03   2.399e+02   4.277e+03   2.175e+02        0
     400    1.089387e+03   2.197e+02   3.153e+03   5.880e+01        0
     410    1.055185e+03   1.959e+02   8.953e+04   7.043e+00        0
     420    1.029917e+03   1.841e+02   1.161e+05   1.217e+02        0
     430    1.019626e+03   1.745e+02   1.336e+05   5.590e+01        0
     440    1.014594e+03   1.713e+02   1.396e+05   1.278e+02        0
     450    1.002551e+03   1.598e+02   3.975e+03   9.430e+01        0
     460    9.804091e+02   1.359e+02   3.974e+03   2.620e+02        0
     470    9.659857e+02   1.189e+02   3.974e+03   7.011e+01        0
     480    9.569198e+02   1.109e+02   3.974e+03   2.354e+02        0
     490    9.490380e+02   1.018e+02   3.974e+03   1.919e+01        0
     500    9.351039e+02   8.840e+01   3.974e+03   1.689e+02        0
     510    9.220456e+02   8.106e+01   3.974e+03   3.999e+01        0
     520    9.205247e+02   1.613e+02   3.974e+03   1.190e+01        0
     530    8.950689e+02   1.413e+02   3.974e+03   5.878e+01        0
     540    8.753428e+02   1.228e+02   3.974e+03   7.961e+01        0
     550    8.692918e+02   8.840e+01   3.974e+03   1.479e+02        0
     560    8.313624e+02   3.764e+01   3.973e+03   3.846e+02        0
     570    4.464137e+02   4.967e-01   1.948e+01   1.471e+02        0
     580    3.956391e+02   1.025e-01   1.000e+00   3.036e+02        0
     590    3.947421e+02   1.068e-02   3.672e-01   2.196e+00        0
     600    3.945947e+02   1.550e-02   9.234e-02   5.288e+00        0
     610    3.944281e+02   4.934e-04   1.040e-02   1.224e+02        0
     619    3.944003e+02   1.078e-06   1.092e-06   2.791e-02        0

EXIT: Locally optimal solution found.

Final Statistics
----------------
Final objective value               =   3.94400259726733e+02
Final feasibility error (abs / rel) =   1.08e-06 / 4.57e-10
Final optimality error  (abs / rel) =   1.09e-06 / 1.07e-07
# of iterations                     =        619 
# of CG iterations                  =        602 
# of function evaluations           =        677
# of gradient evaluations           =        621
# of Hessian evaluations            =        619
Total program time (secs)           =      19.92797 (    19.923 CPU time)
Time spent in evaluations (secs)    =       1.31552

===============================================================================

      solver  :   t_proc      (avg)   t_wall      (avg)    n_eval
      nlp_fg  | 574.08ms (846.72us) 573.30ms (845.57us)       678
   nlp_gf_jg  | 648.95ms (  1.05ms) 648.66ms (  1.04ms)       621
    nlp_grad  |   1.87ms (  1.87ms)   1.87ms (  1.87ms)         1
  nlp_hess_l  |  73.68ms (119.04us)  73.16ms (118.19us)       619
       total  |  20.31 s ( 20.31 s)  20.29 s ( 20.29 s)         1
Round  0 True
Full Cost Value:  0.04679036245285176
Acceleration:  0.028030390380788948
Momentum:  0.018759972072062814
Total Program Time:  20.3064
First Level NLP Results:
x_res:  [0.6    0.6    0.6001 0.6002 0.6005 0.6008 0.6013 0.6018 0.603  0.6045
 0.6065 0.609  0.6119 0.6155 0.6196 0.6201 0.6205 0.621  0.6215 0.622
 0.6225 0.623 ]
y_res:  [ 0.0000e+00  8.2562e-13 -5.2406e-04 -1.5130e-03 -2.9085e-03 -4.6516e-03
 -6.6833e-03 -8.9446e-03 -1.2994e-02 -1.6747e-02 -1.9841e-02 -2.2094e-02
 -2.3484e-02 -2.4131e-02 -2.4280e-02 -2.4277e-02 -2.4272e-02 -2.4267e-02
 -2.4262e-02 -2.4256e-02 -2.4250e-02 -2.4244e-02]
z_res:  [0.65   0.65   0.6501 0.6502 0.6504 0.6507 0.6511 0.6515 0.6522 0.6529
 0.6536 0.6542 0.6547 0.6551 0.6554 0.6554 0.6555 0.6555 0.6555 0.6556
 0.6556 0.6556]
xdot_res:  [0.     0.0017 0.0037 0.0058 0.008  0.0105 0.0131 0.0159 0.0215 0.0279
 0.0346 0.0418 0.0495 0.0577 0.0653 0.0659 0.0665 0.0672 0.0678 0.0685
 0.0691 0.0697]
ydot_res:  [ 0.     -0.0122 -0.0231 -0.0326 -0.0407 -0.0474 -0.0528 -0.0567 -0.0525
 -0.0433 -0.0315 -0.0195 -0.0091 -0.0021  0.0005  0.0006  0.0007  0.0008
  0.0008  0.0008  0.0009  0.0009]
zdot_res:  [0.     0.0018 0.0035 0.0051 0.0066 0.0079 0.0092 0.0103 0.0103 0.0094
 0.0081 0.0067 0.0055 0.0048 0.0045 0.0046 0.0046 0.0046 0.0046 0.0046
 0.0046 0.0046]
Lx_res:  [ 0.0000e+00 -3.7675e-15 -1.1737e-03 -4.6446e-05 -1.3674e-04 -1.4198e-03
 -1.2224e-01 -2.7224e-01 -1.0543e-01 -4.4089e-02  2.0532e-02  7.6932e-02
  1.3429e-01  1.6644e-01  1.8236e-01  1.6745e-01  1.5623e-01  1.4007e-01
  1.2533e-01  1.1211e-01  9.8198e-02  9.3721e-02]
Ly_res:  [ 0.0000e+00  9.9377e-15  1.1844e-05  3.3005e-05  4.2801e-05 -7.4979e-04
 -4.9252e-03  2.2646e-02  1.7257e-02 -1.3108e-03  6.9783e-03  1.5637e-02
  1.9198e-02 -2.3175e-02 -1.0123e-01 -1.0165e-01 -9.5985e-02 -8.2549e-02
 -6.7174e-02 -5.0371e-02 -3.5501e-02 -2.8063e-02]
Lz_res:  [ 0.0000e+00 -7.7155e-15 -7.1942e-05  5.2339e-05 -9.0216e-05 -1.6770e-03
  5.4327e-03  6.7101e-02  1.9440e-01  1.5146e-01  4.5449e-02 -2.7561e-02
 -9.2667e-02 -1.5371e-01 -2.4904e-01 -2.6380e-01 -2.7206e-01 -2.7456e-01
 -2.7515e-01 -2.7406e-01 -2.7162e-01 -2.7081e-01]
Ldotx_res:  [ 0.0000e+00 -2.7386e-02  2.6303e-02 -2.1069e-03 -2.9938e-02 -2.8190e+00
 -3.5000e+00  2.3353e+00  8.5872e-01  9.0469e-01  7.8959e-01  8.0301e-01
  4.5010e-01  2.2288e-01 -2.0870e+00 -1.5716e+00 -2.2624e+00 -2.0626e+00
 -1.8517e+00 -1.9472e+00 -6.2671e-01 -1.4621e-11]
Ldoty_res:  [ 0.0000e+00  2.7636e-04  4.9375e-04  2.2858e-04 -1.8494e-02 -9.7425e-02
  6.4334e-01 -7.5454e-02 -2.5995e-01  1.1605e-01  1.2122e-01  4.9859e-02
 -5.9323e-01 -1.0927e+00 -5.9878e-02  7.9343e-01  1.8811e+00  2.1525e+00
  2.3524e+00  2.0818e+00  1.0414e+00 -5.1401e-12]
Ldotz_res:  [ 0.0000e+00 -1.6786e-03  2.8999e-03 -3.3263e-03 -3.7025e-02  1.6589e-01
  1.4389e+00  1.7821e+00 -6.0112e-01 -1.4841e+00 -1.0221e+00 -9.1149e-01
 -8.5461e-01 -1.3346e+00 -2.0656e+00 -1.1567e+00 -3.5014e-01 -8.2006e-02
  1.5248e-01  3.4092e-01  1.1424e-01  1.0597e-01]
px_res:  [0.9173]
py_res:  [0.2741]
pz_res:  [0.]
Ts_res:  [0.3  0.8  0.85]
FR1x_res:  [ 2.8855e-01 -1.3557e+00  1.8624e+00  2.9652e-01  4.6682e-01  3.5163e+00
 -1.2914e-02  2.3417e+01  8.0338e+00  2.8108e+00  4.4377e+00  4.8973e+00
  7.1244e+00  7.5717e+00  1.1811e+00  2.4393e+00  2.5108e+00  1.5944e+00
  8.3131e-01 -2.0219e+00  1.0049e+00  2.7828e-03]
FR1y_res:  [-2.7642e+00 -1.0919e+01 -2.4282e+00 -2.3755e+00  2.2661e+00  3.4762e+00
 -6.2266e-02 -1.1077e+02 -4.1507e+01  3.1225e+01  1.2848e+01  8.9136e+00
 -2.1942e+01 -3.8445e+01 -1.0869e+00 -2.3437e+00 -2.4011e+00 -1.4285e+00
 -6.0308e-01  1.5340e+00  7.5986e-02 -3.3373e-03]
FR1z_res:  [106.0354 105.6161 114.1475 110.0176 100.1117  17.8229   2.7053 399.9995
 399.9998 399.9998 399.9998 399.9997 399.9991 399.9907   4.4879   8.7863
   9.3797   7.3779   8.665   18.2727 116.8443 333.3313]
Second Level Results:
x_res:  [0.623  0.6269 0.6312 0.6358 0.6406 0.6458 0.6512 0.6569 0.6673 0.6786
 0.6907 0.7037 0.7175 0.732  0.7474 0.7566 0.7661 0.7758 0.7858 0.796
 0.8065 0.8172 0.8364 0.8563 0.877  0.8983 0.9204 0.9431 0.9666 0.9804
 0.9944 1.0086 1.023  1.0376 1.0525 1.0676 1.0943 1.1216 1.1496 1.1782
 1.2073 1.2371 1.2674 1.2851 1.3029 1.321  1.3392 1.3576 1.3761 1.3948
 1.4279 1.4615 1.4957 1.5303 1.5654 1.601  1.637  1.6579 1.6789 1.7001
 1.7214 1.7428 1.7644 1.7862 1.8244 1.8631 1.9022 1.9417 1.9816 2.0218
 2.0624 2.0858 2.1094 2.133  2.1568 2.1806 2.2046 2.2286 2.2709 2.3136
 2.3565 2.3997 2.4431 2.4869 2.5309 2.5562 2.5815 2.607  2.6325 2.6581
 2.6837 2.7095 2.7546 2.8    2.8456 2.8913 2.9372 2.9833 3.0295 3.056
 3.0826 3.1092 3.1358 3.1625 3.1892 3.2159 3.2628 3.3098 3.3568 3.404
 3.4512 3.4984 3.5457 3.5728 3.5998 3.6269 3.654  3.6811 3.7082 3.7353]
y_res:  [-0.0242 -0.0242 -0.0241 -0.024  -0.0239 -0.0238 -0.0237 -0.0236 -0.0233
 -0.0231 -0.0228 -0.0224 -0.0221 -0.0217 -0.0213 -0.0211 -0.0208 -0.0206
 -0.0203 -0.0201 -0.0198 -0.0195 -0.0191 -0.0186 -0.0181 -0.0176 -0.0172
 -0.0167 -0.0162 -0.0159 -0.0156 -0.0154 -0.0151 -0.0148 -0.0146 -0.0143
 -0.0138 -0.0134 -0.0129 -0.0125 -0.0121 -0.0116 -0.0112 -0.011  -0.0107
 -0.0105 -0.0103 -0.0101 -0.0098 -0.0096 -0.0092 -0.0089 -0.0085 -0.0081
 -0.0078 -0.0075 -0.0071 -0.0069 -0.0068 -0.0066 -0.0064 -0.0062 -0.0061
 -0.0059 -0.0056 -0.0053 -0.0051 -0.0048 -0.0045 -0.0043 -0.0041 -0.0039
 -0.0038 -0.0037 -0.0036 -0.0035 -0.0033 -0.0032 -0.003  -0.0029 -0.0027
 -0.0025 -0.0024 -0.0022 -0.0021 -0.002  -0.002  -0.0019 -0.0018 -0.0018
 -0.0017 -0.0016 -0.0015 -0.0015 -0.0014 -0.0013 -0.0012 -0.0012 -0.0011
 -0.0011 -0.0011 -0.001  -0.001  -0.001  -0.001  -0.001  -0.0009 -0.0009
 -0.0009 -0.0009 -0.0009 -0.0009 -0.0009 -0.0009 -0.0009 -0.0009 -0.0009
 -0.0009 -0.0009 -0.0009]
z_res:  [0.6556 0.6559 0.6562 0.6564 0.6567 0.6569 0.6572 0.6575 0.6579 0.6584
 0.6588 0.6593 0.6597 0.6601 0.6606 0.6608 0.6611 0.6613 0.6616 0.6618
 0.662  0.6623 0.6627 0.6631 0.6635 0.6639 0.6643 0.6648 0.6651 0.6654
 0.6656 0.6658 0.6661 0.6663 0.6665 0.6667 0.6671 0.6675 0.6679 0.6683
 0.6686 0.669  0.6694 0.6696 0.6698 0.67   0.6702 0.6705 0.6707 0.6709
 0.6713 0.6716 0.672  0.6724 0.6727 0.6731 0.6735 0.6737 0.6739 0.6741
 0.6743 0.6746 0.6748 0.675  0.6754 0.6757 0.6761 0.6765 0.6769 0.6773
 0.6777 0.6779 0.6781 0.6783 0.6785 0.6788 0.679  0.6792 0.6796 0.68
 0.6804 0.6808 0.6812 0.6816 0.682  0.6822 0.6825 0.6827 0.6829 0.6832
 0.6834 0.6836 0.684  0.6845 0.6849 0.6853 0.6857 0.6861 0.6866 0.6868
 0.687  0.6873 0.6875 0.6878 0.688  0.6883 0.6887 0.6891 0.6896 0.69
 0.6904 0.6909 0.6913 0.6916 0.6918 0.6921 0.6923 0.6926 0.6928 0.6931]
xdot_res:  [0.0697 0.0748 0.0798 0.0848 0.0898 0.0947 0.0996 0.1045 0.1129 0.1213
 0.1295 0.1376 0.1457 0.1536 0.1614 0.1659 0.1703 0.1747 0.179  0.1833
 0.1876 0.1918 0.1992 0.2064 0.2136 0.2206 0.2276 0.2344 0.2411 0.245
 0.2488 0.2525 0.2562 0.2599 0.2636 0.2672 0.2735 0.2797 0.2857 0.2917
 0.2976 0.3034 0.309  0.3122 0.3154 0.3186 0.3217 0.3248 0.3278 0.3309
 0.3361 0.3412 0.3462 0.3511 0.3559 0.3606 0.3652 0.3678 0.3704 0.3729
 0.3754 0.3779 0.3804 0.3828 0.3869 0.3909 0.3949 0.3987 0.4025 0.4061
 0.4097 0.4117 0.4136 0.4156 0.4175 0.4194 0.4212 0.423  0.4261 0.4291
 0.4319 0.4347 0.4374 0.44   0.4425 0.4439 0.4453 0.4466 0.4479 0.4492
 0.4504 0.4516 0.4537 0.4556 0.4574 0.4591 0.4608 0.4623 0.4638 0.4646
 0.4653 0.4661 0.4668 0.4674 0.4681 0.4687 0.4697 0.4705 0.4713 0.472
 0.4726 0.4731 0.4734 0.4736 0.4738 0.4739 0.474  0.4741 0.4741 0.4741]
ydot_res:  [ 9.1740e-04  1.1746e-03  1.4176e-03  1.6482e-03  1.8674e-03  2.0764e-03
  2.2758e-03  2.4664e-03  2.7739e-03  3.0573e-03  3.3177e-03  3.5559e-03
  3.7727e-03  3.9686e-03  4.1441e-03  4.2379e-03  4.3251e-03  4.4060e-03
  4.4804e-03  4.5485e-03  4.6104e-03  4.6659e-03  4.7440e-03  4.8026e-03
  4.8417e-03  4.8610e-03  4.8605e-03  4.8400e-03  4.7994e-03  4.7745e-03
  4.7480e-03  4.7201e-03  4.6908e-03  4.6602e-03  4.6285e-03  4.5955e-03
  4.5346e-03  4.4709e-03  4.4046e-03  4.3360e-03  4.2655e-03  4.1932e-03
  4.1194e-03  4.0769e-03  4.0339e-03  3.9906e-03  3.9469e-03  3.9029e-03
  3.8586e-03  3.8140e-03  3.7351e-03  3.6551e-03  3.5740e-03  3.4917e-03
  3.4079e-03  3.3226e-03  3.2356e-03  3.1855e-03  3.1350e-03  3.0840e-03
  3.0327e-03  2.9811e-03  2.9292e-03  2.8770e-03  2.7848e-03  2.6923e-03
  2.5996e-03  2.5069e-03  2.4146e-03  2.3227e-03  2.2316e-03  2.1799e-03
  2.1284e-03  2.0773e-03  2.0264e-03  1.9760e-03  1.9259e-03  1.8762e-03
  1.7904e-03  1.7056e-03  1.6217e-03  1.5386e-03  1.4562e-03  1.3743e-03
  1.2927e-03  1.2463e-03  1.2001e-03  1.1541e-03  1.1084e-03  1.0631e-03
  1.0181e-03  9.7342e-04  8.9635e-04  8.2082e-04  7.4706e-04  6.7531e-04
  6.0579e-04  5.3873e-04  4.7436e-04  4.3865e-04  4.0391e-04  3.7020e-04
  3.3759e-04  3.0614e-04  2.7593e-04  2.4706e-04  2.0033e-04  1.5762e-04
  1.1892e-04  8.4263e-05  5.3714e-05  2.7374e-05  5.3920e-06 -5.5467e-06
 -1.4949e-05 -2.2726e-05 -2.8771e-05 -3.2955e-05 -3.5129e-05 -3.5116e-05]
zdot_res:  [0.0046 0.0046 0.0046 0.0046 0.0046 0.0046 0.0045 0.0045 0.0045 0.0045
 0.0044 0.0044 0.0044 0.0044 0.0043 0.0043 0.0043 0.0043 0.0042 0.0042
 0.0042 0.0042 0.0042 0.0041 0.0041 0.0041 0.004  0.004  0.004  0.004
 0.0039 0.0039 0.0039 0.0039 0.0039 0.0039 0.0038 0.0038 0.0038 0.0038
 0.0038 0.0038 0.0038 0.0037 0.0037 0.0037 0.0037 0.0037 0.0037 0.0037
 0.0037 0.0037 0.0037 0.0037 0.0037 0.0037 0.0037 0.0037 0.0037 0.0037
 0.0038 0.0038 0.0038 0.0038 0.0038 0.0038 0.0038 0.0038 0.0038 0.0038
 0.0039 0.0039 0.0039 0.0039 0.0039 0.0039 0.0039 0.0039 0.0039 0.004
 0.004  0.004  0.004  0.004  0.0041 0.0041 0.0041 0.0041 0.0041 0.0041
 0.0041 0.0041 0.0041 0.0042 0.0042 0.0042 0.0042 0.0042 0.0042 0.0043
 0.0043 0.0043 0.0043 0.0043 0.0043 0.0043 0.0043 0.0043 0.0044 0.0044
 0.0044 0.0044 0.0044 0.0044 0.0044 0.0044 0.0044 0.0045 0.0045 0.0045]
px_res:  [1.2346 1.552  1.8693 2.1866 2.5039 2.8213 3.1385 3.3529]
py_res:  [-0.1     0.2741 -0.0996  0.2745 -0.0985  0.2756 -0.08    0.1787]
pz_res:  [0. 0. 0. 0. 0. 0. 0. 0.]
Ts_res:  [0.1498 0.5116 0.6709 1.0285 1.1849 1.5403 1.6949 2.0488 2.2021 2.5549
 2.7072 3.0591 3.2106 3.5617 3.7126 4.0631 4.2134]
The  1 Round:
[[10.  -0.5 -0.5 10. ]
 [ 0.5  0.5 -0.5 -0.5]
 [ 0.   0.   0.   0. ]]
[[10.  -0.5 -0.5 10. ]
 [ 0.5  0.5 -0.5 -0.5]
 [ 0.   0.   0.   0. ]]
[[10.  -0.5 -0.5 10. ]
 [ 0.5  0.5 -0.5 -0.5]
 [ 0.   0.   0.   0. ]]
[[10.  -0.5 -0.5 10. ]
 [ 0.5  0.5 -0.5 -0.5]
 [ 0.   0.   0.   0. ]]
[[10.  -0.5 -0.5 10. ]
 [ 0.5  0.5 -0.5 -0.5]
 [ 0.   0.   0.   0. ]]
[[10.  -0.5 -0.5 10. ]
 [ 0.5  0.5 -0.5 -0.5]
 [ 0.   0.   0.   0. ]]
[[10.  -0.5 -0.5 10. ]
 [ 0.5  0.5 -0.5 -0.5]
 [ 0.   0.   0.   0. ]]
[[10.  -0.5 -0.5 10. ]
 [ 0.5  0.5 -0.5 -0.5]
 [ 0.   0.   0.   0. ]]
[[10.  -0.5 -0.5 10. ]
 [ 0.5  0.5 -0.5 -0.5]
 [ 0.   0.   0.   0. ]]

=======================================
           Academic License
       (NOT FOR COMMERCIAL USE)
         Artelys Knitro 10.3.0
=======================================

Knitro presolve eliminated 273 variables and 16723 constraints.

Knitro changing algorithm from AUTO to 1.
Knitro changing bar_initpt from AUTO to 3.
Knitro changing bar_murule from AUTO to 4.
Knitro changing bar_penaltycons from AUTO to 1.
Knitro changing bar_penaltyrule from AUTO to 2.
Knitro changing bar_switchrule from AUTO to 2.
Knitro changing linesearch from AUTO to 1.
Knitro changing linsolver from AUTO to 5.
Knitro shifted start point to satisfy presolved bounds (359 variables).
Knitro fixing 273 variables eliminated from the presolve.

Problem Characteristics                    ( Presolved)
-----------------------
Objective goal:  Minimize
Number of variables:                        2282 (      2009)
    bounded below only:                        0 (         0)
    bounded above only:                        0 (         0)
    bounded below and above:                2282 (      2009)
    fixed:                                     0 (         0)
    free:                                      0 (         0)
Number of constraints:                     33103 (     16398)
    linear equalities:                      1275 (       723)
    nonlinear equalities:                    294 (       294)
    linear one-sided inequalities:         31514 (     15381)
    nonlinear one-sided inequalities:          0 (         0)
    linear two-sided inequalities:            20 (         0)
    nonlinear two-sided inequalities:          0 (         0)
Number of nonzeros in Jacobian:           174329 (     76198)
Number of nonzeros in Hessian:              6015 (      4620)

  Iter      Objective      FeasError   OptError    ||Step||    CGits 
--------  --------------  ----------  ----------  ----------  -------
       0    9.901872e+02   8.255e+00
      10    1.105589e+03   2.572e+00   7.762e+02   2.636e+02        0
      20    9.562505e+02   1.738e+00   3.534e+02   5.083e+01        0
      30    8.681485e+02   1.541e+00   2.778e+02   1.682e+02        0
      40    8.271610e+02   1.213e+00   3.017e+02   1.633e+02        0
      50    7.736487e+02   9.734e-01   4.280e+02   1.075e+02        0
      60    7.429604e+02   7.734e-01   5.920e+02   2.097e+02        0
      70    7.164723e+02   6.155e-01   6.291e+02   1.482e+01        0
      80    6.889327e+02   4.494e-01   6.786e+02   1.641e+02        0
      90    6.655751e+02   2.769e-01   7.775e+02   7.240e+01        0
     100    6.168798e+02   2.042e-01   3.704e+03   2.437e+02        0
     110    5.904907e+02   1.128e-01   6.129e+03   1.621e+02        0
     120    5.460600e+02   4.924e-02   2.348e+03   6.151e+01        0
     130    5.498990e+02   1.010e-01   2.340e+03   1.497e+02        0
     140    5.764269e+02   6.672e-02   3.813e+03   1.860e+02        0
     150    6.027110e+02   2.646e-02   4.915e+03   2.192e+02        0
     160    4.658646e+02   4.596e-02   1.146e+03   3.315e+02        0
     170    3.685615e+02   2.080e-01   4.256e+01   2.780e+02        0
     180    3.595635e+02   7.540e-03   1.424e+00   6.899e+01        0
     190    3.586773e+02   1.119e-04   3.567e-03   2.255e+02        0
     195    3.586763e+02   7.897e-07   8.962e-05   3.339e+01        0

EXIT: Locally optimal solution found.

Final Statistics
----------------
Final objective value               =   3.58676296670725e+02
Final feasibility error (abs / rel) =   7.90e-07 / 9.57e-08
Final optimality error  (abs / rel) =   8.96e-05 / 9.44e-07
# of iterations                     =        195 
# of CG iterations                  =        264 
# of function evaluations           =        202
# of gradient evaluations           =        197
# of Hessian evaluations            =        195
Total program time (secs)           =       7.45157 (     7.450 CPU time)
Time spent in evaluations (secs)    =       0.40606

===============================================================================

      solver  :   t_proc      (avg)   t_wall      (avg)    n_eval
      nlp_fg  | 171.46ms (844.66us) 171.25ms (843.60us)       203
   nlp_gf_jg  | 207.22ms (  1.05ms) 207.20ms (  1.05ms)       197
    nlp_grad  |   1.84ms (  1.84ms)   1.84ms (  1.84ms)         1
  nlp_hess_l  |  22.77ms (116.75us)  22.59ms (115.82us)       195
       total  |   7.66 s (  7.66 s)   7.83 s (  7.83 s)         1
Round  1 True
Full Cost Value:  3.29822892714622
Acceleration:  3.1848816041494032
Momentum:  0.11334732299681703
Total Program Time:  7.6599
First Level NLP Results:
x_res:  [0.623  0.6259 0.6311 0.6395 0.6508 0.6645 0.68   0.6969 0.7275 0.7529
 0.7741 0.792  0.8065 0.8181 0.8275 0.8284 0.8292 0.83   0.8309 0.8317
 0.8326 0.8334]
y_res:  [-0.0242 -0.0242 -0.0211 -0.0134 -0.0019  0.0125  0.0291  0.0473  0.0806
  0.1049  0.1222  0.1334  0.1388  0.1394  0.1366  0.1362  0.1357  0.1353
  0.1348  0.1344  0.1339  0.1335]
z_res:  [0.6556 0.6558 0.6575 0.6604 0.6642 0.6691 0.6748 0.6813 0.693  0.6985
 0.7    0.6989 0.6957 0.6912 0.6857 0.6851 0.6846 0.684  0.6834 0.6828
 0.6823 0.6817]
xdot_res:  [0.0697 0.1193 0.1977 0.2638 0.3183 0.3616 0.3941 0.4285 0.3562 0.2969
 0.2497 0.2031 0.1623 0.1325 0.1171 0.1174 0.1177 0.1182 0.1186 0.1191
 0.1196 0.1202]
ydot_res:  [ 0.0009  0.0733  0.1796  0.2668  0.336   0.3882  0.424   0.4668  0.3399
  0.242   0.1563  0.0758  0.0083 -0.0382 -0.0626 -0.0627 -0.0628 -0.0628
 -0.0628 -0.0627 -0.0626 -0.0625]
zdot_res:  [ 0.0046  0.0396  0.0659  0.0903  0.1127  0.1334  0.1523  0.1638  0.0774
  0.0205 -0.0159 -0.0438 -0.064  -0.0764 -0.0816 -0.0812 -0.0809 -0.0805
 -0.0801 -0.0798 -0.0794 -0.079 ]
Lx_res:  [ 9.3721e-02  9.3721e-02 -2.4506e-02 -7.0900e-02 -5.9359e-02 -1.8250e-02
  9.9689e-02  2.4969e-01 -3.1064e-04 -2.5031e-01 -5.0031e-01 -7.4918e-01
 -9.3902e-01 -1.0815e+00 -1.3315e+00 -1.3088e+00 -1.2908e+00 -1.2769e+00
 -1.2667e+00 -1.2607e+00 -1.2505e+00 -1.2439e+00]
Ly_res:  [-0.0281 -0.0281  0.0178  0.0392  0.0324 -0.0565 -0.2065 -0.3565 -0.1065
  0.1435  0.3389  0.4079  0.5108  0.7377  0.9877  1.0127  1.0333  1.0495
  1.0619  1.0701  1.0825  1.0988]
Lz_res:  [-0.0281 -0.0281  0.0016  0.0084  0.0308  0.0269 -0.0159 -0.0305  0.0035
  0.1039  0.2213  0.302   0.3347  0.4421  0.6766  0.6999  0.7183  0.7314
  0.7401  0.7446  0.745   0.7497]
Ldotx_res:  [-1.4621e-11 -2.7586e+00 -1.0825e+00  2.6928e-01  9.5921e-01  2.7519e+00
  3.5000e+00 -3.5000e+00 -3.5000e+00 -3.5000e+00 -3.4842e+00 -2.6577e+00
 -1.9942e+00 -3.5000e+00  3.1768e+00  2.5132e+00  1.9544e+00  1.4215e+00
  8.3470e-01  1.4290e+00  9.2568e-01  1.6900e-16]
Ldoty_res:  [-5.1401e-12  1.0699e+00  5.0040e-01 -1.5997e-01 -2.0748e+00 -3.4999e+00
 -3.5000e+00  3.5000e+00  3.5000e+00  2.7363e+00  9.6531e-01  1.4405e+00
  3.1778e+00  3.5000e+00  3.5000e+00  2.8843e+00  2.2682e+00  1.7287e+00
  1.1444e+00  1.7428e+00  2.2801e+00 -2.2198e-16]
Ldotz_res:  [-5.1401e-12  6.9202e-01  1.5849e-01  5.2390e-01 -9.2837e-02 -9.9727e-01
 -3.4078e-01  4.7535e-01  1.4060e+00  1.6439e+00  1.1295e+00  4.5785e-01
  1.5034e+00  3.2833e+00  3.2604e+00  2.5700e+00  1.8401e+00  1.2198e+00
  6.3474e-01  5.3653e-02  6.5615e-01  6.4482e-01]
px_res:  [1.2346]
py_res:  [-0.1]
pz_res:  [0.]
Ts_res:  [0.3  0.8  0.85]
FR1x_res:  [-3.3099e-08 -2.3000e-06 -1.3134e-06 -8.7254e-07 -5.1091e-07 -7.9457e-08
  1.6419e-06  0.0000e+00  0.0000e+00  0.0000e+00  0.0000e+00  0.0000e+00
  0.0000e+00  0.0000e+00 -9.0455e-03  1.0587e-02  4.5624e-03  4.2485e-03
  5.4666e-05 -5.8226e-03  3.7589e-01  1.7424e-11]
FR1y_res:  [ 1.3872e-05 -2.8975e-06 -1.8757e-06 -1.2559e-06 -1.1980e-06 -1.6727e-06
 -6.8673e-07  0.0000e+00  0.0000e+00  0.0000e+00  0.0000e+00  0.0000e+00
  0.0000e+00  0.0000e+00 -1.3340e-02 -3.4804e-02 -1.9799e-02 -1.4046e-02
 -5.0603e-03  1.5067e-02 -7.9273e-01 -2.0911e-11]
FR1z_res:  [3.1183e-04 8.6418e-04 8.6437e-04 8.7164e-04 8.7780e-04 8.7808e-04
 2.9085e-03 0.0000e+00 0.0000e+00 0.0000e+00 0.0000e+00 0.0000e+00
 0.0000e+00 0.0000e+00 5.7342e-02 1.7997e-01 1.8989e-01 2.3783e-01
 3.5040e-01 7.2869e-01 1.1384e+02 3.3333e+02]
Second Level Results:
x_res:  [0.8334 0.8403 0.8474 0.8548 0.8624 0.8702 0.8783 0.8866 0.9016 0.9173
 0.9337 0.9508 0.9686 0.9871 1.0063 1.0176 1.0291 1.0409 1.0529 1.0651
 1.0775 1.0901 1.1125 1.1355 1.1592 1.1835 1.2084 1.2338 1.2599 1.2751
 1.2905 1.3061 1.3219 1.3379 1.354  1.3703 1.3992 1.4286 1.4585 1.489
 1.5199 1.5514 1.5834 1.6019 1.6206 1.6394 1.6585 1.6776 1.6969 1.7164
 1.7507 1.7855 1.8207 1.8563 1.8923 1.9288 1.9656 1.9869 2.0084 2.0299
 2.0516 2.0734 2.0953 2.1173 2.1561 2.1952 2.2346 2.2744 2.3146 2.355
 2.3958 2.4193 2.4428 2.4665 2.4902 2.5141 2.538  2.5621 2.6043 2.6468
 2.6895 2.7325 2.7757 2.8191 2.8628 2.8879 2.913  2.9382 2.9635 2.9889
 3.0143 3.0397 3.0844 3.1292 3.1742 3.2194 3.2647 3.3102 3.3557 3.3819
 3.408  3.4342 3.4604 3.4867 3.513  3.5393 3.5854 3.6316 3.6779 3.7243
 3.7707 3.8171 3.8636 3.8902 3.9168 3.9434 3.97   3.9966 4.0233 4.0499]
y_res:  [ 1.3349e-01  1.2992e-01  1.2640e-01  1.2293e-01  1.1951e-01  1.1614e-01
  1.1283e-01  1.0956e-01  1.0393e-01  9.8445e-02  9.3112e-02  8.7926e-02
  8.2885e-02  7.7987e-02  7.3231e-02  7.0594e-02  6.8001e-02  6.5454e-02
  6.2952e-02  6.0494e-02  5.8080e-02  5.5709e-02  5.1638e-02  4.7697e-02
  4.3886e-02  4.0203e-02  3.6646e-02  3.3214e-02  2.9904e-02  2.8082e-02
  2.6299e-02  2.4555e-02  2.2850e-02  2.1182e-02  1.9553e-02  1.7961e-02
  1.5240e-02  1.2632e-02  1.0134e-02  7.7451e-03  5.4634e-03  3.2870e-03
  1.2144e-03  8.8294e-05 -1.0048e-03 -2.0653e-03 -3.0935e-03 -4.0896e-03
 -5.0541e-03 -5.9872e-03 -7.5659e-03 -9.0512e-03 -1.0445e-02 -1.1749e-02
 -1.2965e-02 -1.4094e-02 -1.5138e-02 -1.5688e-02 -1.6211e-02 -1.6707e-02
 -1.7177e-02 -1.7622e-02 -1.8040e-02 -1.8434e-02 -1.9080e-02 -1.9651e-02
 -2.0150e-02 -2.0577e-02 -2.0936e-02 -2.1227e-02 -2.1452e-02 -2.1545e-02
 -2.1616e-02 -2.1668e-02 -2.1699e-02 -2.1711e-02 -2.1704e-02 -2.1677e-02
 -2.1599e-02 -2.1465e-02 -2.1277e-02 -2.1038e-02 -2.0748e-02 -2.0410e-02
 -2.0025e-02 -1.9779e-02 -1.9519e-02 -1.9245e-02 -1.8957e-02 -1.8656e-02
 -1.8342e-02 -1.8015e-02 -1.7421e-02 -1.6790e-02 -1.6125e-02 -1.5427e-02
 -1.4698e-02 -1.3939e-02 -1.3153e-02 -1.2689e-02 -1.2216e-02 -1.1736e-02
 -1.1248e-02 -1.0754e-02 -1.0252e-02 -9.7434e-03 -8.8428e-03 -7.9249e-03
 -6.9914e-03 -6.0440e-03 -5.0845e-03 -4.1145e-03 -3.1359e-03 -2.5727e-03
 -2.0075e-03 -1.4408e-03 -8.7272e-04 -3.0369e-04  2.6599e-04  8.3599e-04]
z_res:  [0.6817 0.6772 0.6728 0.6687 0.6646 0.6608 0.6571 0.6536 0.6476 0.6421
 0.6371 0.6324 0.6282 0.6243 0.6208 0.619  0.6173 0.6156 0.6142 0.6128
 0.6114 0.6102 0.6083 0.6066 0.6051 0.6039 0.6028 0.602  0.6013 0.601
 0.6007 0.6005 0.6004 0.6002 0.6001 0.6001 0.6    0.6    0.6001 0.6002
 0.6004 0.6007 0.601  0.6012 0.6014 0.6017 0.602  0.6023 0.6026 0.6029
 0.6035 0.6042 0.6049 0.6057 0.6065 0.6073 0.6083 0.6088 0.6094 0.61
 0.6106 0.6112 0.6118 0.6125 0.6136 0.6148 0.616  0.6173 0.6186 0.62
 0.6214 0.6222 0.623  0.6239 0.6247 0.6256 0.6265 0.6274 0.6289 0.6306
 0.6322 0.6339 0.6356 0.6373 0.639  0.64   0.6411 0.6421 0.6431 0.6442
 0.6452 0.6463 0.6482 0.6501 0.652  0.6539 0.6559 0.6579 0.6598 0.661
 0.6621 0.6633 0.6644 0.6656 0.6668 0.6679 0.67   0.6721 0.6741 0.6762
 0.6783 0.6804 0.6825 0.6837 0.6849 0.6861 0.6873 0.6885 0.6897 0.6909]
xdot_res:  [0.1202 0.1245 0.1288 0.133  0.1373 0.1415 0.1456 0.1498 0.157  0.1641
 0.1711 0.178  0.1848 0.1916 0.1983 0.2021 0.2058 0.2096 0.2133 0.217
 0.2206 0.2242 0.2305 0.2367 0.2428 0.2488 0.2547 0.2606 0.2664 0.2696
 0.2729 0.2761 0.2793 0.2824 0.2856 0.2887 0.294  0.2993 0.3045 0.3096
 0.3146 0.3196 0.3245 0.3272 0.3299 0.3326 0.3353 0.3379 0.3406 0.3431
 0.3476 0.352  0.3562 0.3605 0.3646 0.3686 0.3726 0.3748 0.377  0.3792
 0.3813 0.3835 0.3856 0.3876 0.3912 0.3946 0.398  0.4013 0.4045 0.4076
 0.4107 0.4124 0.4141 0.4158 0.4174 0.419  0.4206 0.4221 0.4248 0.4273
 0.4298 0.4322 0.4345 0.4367 0.4389 0.44   0.4412 0.4424 0.4435 0.4446
 0.4456 0.4467 0.4484 0.45   0.4516 0.4531 0.4545 0.4558 0.457  0.4577
 0.4584 0.459  0.4596 0.4602 0.4607 0.4612 0.4621 0.4628 0.4635 0.464
 0.4645 0.4649 0.4653 0.4654 0.4656 0.4657 0.4658 0.4658 0.4658 0.4658]
ydot_res:  [-0.0625 -0.0616 -0.0607 -0.0598 -0.0589 -0.0581 -0.0572 -0.0563 -0.0548
 -0.0533 -0.0519 -0.0504 -0.049  -0.0476 -0.0462 -0.0454 -0.0446 -0.0438
 -0.043  -0.0422 -0.0415 -0.0407 -0.0394 -0.0381 -0.0368 -0.0356 -0.0343
 -0.0331 -0.0319 -0.0312 -0.0305 -0.0298 -0.0292 -0.0285 -0.0279 -0.0272
 -0.0261 -0.025  -0.0239 -0.0228 -0.0218 -0.0207 -0.0197 -0.0191 -0.0186
 -0.018  -0.0174 -0.0169 -0.0163 -0.0158 -0.0149 -0.0139 -0.013  -0.0122
 -0.0113 -0.0104 -0.0096 -0.0091 -0.0087 -0.0082 -0.0078 -0.0073 -0.0069
 -0.0065 -0.0057 -0.005  -0.0043 -0.0036 -0.0029 -0.0023 -0.0016 -0.0013
 -0.0009 -0.0006 -0.0002  0.0001  0.0005  0.0008  0.0013  0.0019  0.0024
  0.0029  0.0034  0.0038  0.0043  0.0046  0.0048  0.005   0.0053  0.0055
  0.0057  0.0059  0.0063  0.0067  0.007   0.0073  0.0076  0.0079  0.0081
  0.0083  0.0084  0.0085  0.0087  0.0088  0.0089  0.009   0.0092  0.0093
  0.0095  0.0096  0.0097  0.0098  0.0099  0.0099  0.0099  0.0099  0.01
  0.01    0.01    0.01  ]
zdot_res:  [-7.8995e-02 -7.6018e-02 -7.3096e-02 -7.0231e-02 -6.7421e-02 -6.4668e-02
 -6.1970e-02 -5.9328e-02 -5.4876e-02 -5.0596e-02 -4.6487e-02 -4.2549e-02
 -3.8782e-02 -3.5186e-02 -3.1762e-02 -2.9862e-02 -2.8017e-02 -2.6228e-02
 -2.4495e-02 -2.2818e-02 -2.1197e-02 -1.9631e-02 -1.7064e-02 -1.4667e-02
 -1.2442e-02 -1.0387e-02 -8.5044e-03 -6.7925e-03 -5.2516e-03 -4.4269e-03
 -3.6580e-03 -2.9448e-03 -2.2872e-03 -1.6852e-03 -1.1384e-03 -6.4680e-04
  4.5736e-05  7.0288e-04  1.3453e-03  1.9753e-03  2.5936e-03  3.2007e-03
  3.7968e-03  4.1338e-03  4.4674e-03  4.7976e-03  5.1243e-03  5.4476e-03
  5.7675e-03  6.0841e-03  6.6278e-03  7.1614e-03  7.6848e-03  8.1980e-03
  8.7011e-03  9.1941e-03  9.6770e-03  9.9497e-03  1.0219e-02  1.0485e-02
  1.0748e-02  1.1007e-02  1.1264e-02  1.1517e-02  1.1949e-02  1.2372e-02
  1.2785e-02  1.3187e-02  1.3580e-02  1.3963e-02  1.4335e-02  1.4545e-02
  1.4751e-02  1.4955e-02  1.5154e-02  1.5351e-02  1.5544e-02  1.5734e-02
  1.6057e-02  1.6370e-02  1.6672e-02  1.6965e-02  1.7247e-02  1.7520e-02
  1.7783e-02  1.7929e-02  1.8073e-02  1.8213e-02  1.8350e-02  1.8484e-02
  1.8614e-02  1.8741e-02  1.8954e-02  1.9156e-02  1.9348e-02  1.9531e-02
  1.9703e-02  1.9865e-02  2.0017e-02  2.0101e-02  2.0181e-02  2.0258e-02
  2.0332e-02  2.0402e-02  2.0469e-02  2.0533e-02  2.0635e-02  2.0726e-02
  2.0808e-02  2.0879e-02  2.0940e-02  2.0991e-02  2.1032e-02  2.1052e-02
  2.1069e-02  2.1082e-02  2.1092e-02  2.1099e-02  2.1102e-02  2.1102e-02]
px_res:  [1.5516 1.8689 2.1859 2.5032 2.8205 3.1378 3.4546 3.6691]
py_res:  [ 0.2169 -0.1572  0.1738 -0.2003  0.1609 -0.2131  0.08   -0.1769]
pz_res:  [0. 0. 0. 0. 0. 0. 0. 0.]
Ts_res:  [0.1498 0.5116 0.6709 1.0285 1.1849 1.5403 1.6949 2.0488 2.2021 2.5549
 2.7072 3.0591 3.2106 3.5617 3.7126 4.0631 4.2134]
The  2 Round:
[[10.  -0.5 -0.5 10. ]
 [ 0.5  0.5 -0.5 -0.5]
 [ 0.   0.   0.   0. ]]
[[10.  -0.5 -0.5 10. ]
 [ 0.5  0.5 -0.5 -0.5]
 [ 0.   0.   0.   0. ]]
[[10.  -0.5 -0.5 10. ]
 [ 0.5  0.5 -0.5 -0.5]
 [ 0.   0.   0.   0. ]]
[[10.  -0.5 -0.5 10. ]
 [ 0.5  0.5 -0.5 -0.5]
 [ 0.   0.   0.   0. ]]
[[10.  -0.5 -0.5 10. ]
 [ 0.5  0.5 -0.5 -0.5]
 [ 0.   0.   0.   0. ]]
[[10.  -0.5 -0.5 10. ]
 [ 0.5  0.5 -0.5 -0.5]
 [ 0.   0.   0.   0. ]]
[[10.  -0.5 -0.5 10. ]
 [ 0.5  0.5 -0.5 -0.5]
 [ 0.   0.   0.   0. ]]
[[10.  -0.5 -0.5 10. ]
 [ 0.5  0.5 -0.5 -0.5]
 [ 0.   0.   0.   0. ]]
[[10.  -0.5 -0.5 10. ]
 [ 0.5  0.5 -0.5 -0.5]
 [ 0.   0.   0.   0. ]]

=======================================
           Academic License
       (NOT FOR COMMERCIAL USE)
         Artelys Knitro 10.3.0
=======================================

Knitro presolve eliminated 273 variables and 16665 constraints.

Knitro changing algorithm from AUTO to 1.
Knitro changing bar_initpt from AUTO to 3.
Knitro changing bar_murule from AUTO to 4.
Knitro changing bar_penaltycons from AUTO to 1.
Knitro changing bar_penaltyrule from AUTO to 2.
Knitro changing bar_switchrule from AUTO to 2.
Knitro changing linesearch from AUTO to 1.
Knitro changing linsolver from AUTO to 5.
Knitro shifted start point to satisfy presolved bounds (15 variables).
Knitro fixing 273 variables eliminated from the presolve.

Problem Characteristics                    ( Presolved)
-----------------------
Objective goal:  Minimize
Number of variables:                        2282 (      2009)
    bounded below only:                        0 (         0)
    bounded above only:                        0 (         0)
    bounded below and above:                2282 (      2009)
    fixed:                                     0 (         0)
    free:                                      0 (         0)
Number of constraints:                     33103 (     16456)
    linear equalities:                      1275 (       723)
    nonlinear equalities:                    294 (       294)
    linear one-sided inequalities:         31514 (     15439)
    nonlinear one-sided inequalities:          0 (         0)
    linear two-sided inequalities:            20 (         0)
    nonlinear two-sided inequalities:          0 (         0)
Number of nonzeros in Jacobian:           174329 (     76366)
Number of nonzeros in Hessian:              6015 (      4620)

  Iter      Objective      FeasError   OptError    ||Step||    CGits 
--------  --------------  ----------  ----------  ----------  -------
       0    3.945079e+02   5.195e+01
      10    6.381551e+02   1.219e+01   1.250e+02   1.182e+02        0
      20    3.289159e+02   2.751e-02   5.964e+00   3.086e+02        0
      30    3.251517e+02   2.134e-03   7.333e-03   3.825e+02        0
      38    3.251281e+02   2.256e-08   7.582e-06   2.863e+01        0

EXIT: Locally optimal solution found.

Final Statistics
----------------
Final objective value               =   3.25128098385081e+02
Final feasibility error (abs / rel) =   2.26e-08 / 4.34e-10
Final optimality error  (abs / rel) =   7.58e-06 / 8.43e-08
# of iterations                     =         38 
# of CG iterations                  =          0 
# of function evaluations           =         40
# of gradient evaluations           =         40
# of Hessian evaluations            =         38
Total program time (secs)           =       0.85796 (     0.858 CPU time)
Time spent in evaluations (secs)    =       0.07701

===============================================================================

      solver  :   t_proc      (avg)   t_wall      (avg)    n_eval
      nlp_fg  |  33.53ms (817.80us)  33.47ms (816.36us)        41
   nlp_gf_jg  |  40.40ms (  1.01ms)  40.36ms (  1.01ms)        40
    nlp_grad  |   1.84ms (  1.84ms)   1.86ms (  1.86ms)         1
  nlp_hess_l  |   4.50ms (118.53us)   4.45ms (117.17us)        38
       total  |   1.10 s (  1.10 s)   1.23 s (  1.23 s)         1
Round  2 True
Full Cost Value:  7.169251674371121
Acceleration:  3.349822481835242
Momentum:  3.8194291925358757
Total Program Time:  1.1012
First Level NLP Results:
x_res:  [0.8334 0.8374 0.8415 0.8486 0.8586 0.8711 0.8856 0.9015 0.9387 0.9667
 0.9879 1.002  1.0088 1.0098 1.0074 1.0069 1.0064 1.0059 1.0055 1.005
 1.0046 1.0042]
y_res:  [0.1335 0.1314 0.1277 0.1228 0.1169 0.11   0.102  0.0931 0.0721 0.0555
 0.0423 0.0316 0.0227 0.0154 0.0096 0.0091 0.0087 0.0083 0.0079 0.0075
 0.0071 0.0067]
z_res:  [0.6817 0.6791 0.6776 0.6771 0.6777 0.6792 0.6817 0.685  0.694  0.6959
 0.6926 0.6858 0.6762 0.6649 0.6531 0.6519 0.6507 0.6495 0.6483 0.6472
 0.6461 0.645 ]
xdot_res:  [ 0.1202  0.127   0.2159  0.3059  0.3809  0.4414  0.4874  0.5199  0.3927
  0.2963  0.197   0.0964  0.0138 -0.0334 -0.0736 -0.0707 -0.0677 -0.0648
 -0.0618 -0.0587 -0.0556 -0.0525]
ydot_res:  [-0.0625 -0.1154 -0.1478 -0.1806 -0.2122 -0.2424 -0.2713 -0.2942 -0.2322
 -0.1848 -0.1495 -0.1251 -0.1022 -0.0814 -0.0631 -0.0613 -0.0595 -0.0577
 -0.0559 -0.0541 -0.0523 -0.0506]
zdot_res:  [-0.079  -0.0448 -0.015   0.0166  0.0467  0.0752  0.1019  0.1254  0.0264
 -0.0456 -0.0956 -0.1339 -0.1587 -0.1651 -0.1705 -0.1676 -0.1646 -0.1617
 -0.1588 -0.1559 -0.153  -0.1501]
Lx_res:  [-1.2439 -1.2439 -1.3444 -1.4449 -1.4914 -1.606  -1.7207 -1.835  -1.585
 -1.335  -1.085  -0.835  -0.585  -0.335  -0.085  -0.1048 -0.1247 -0.1446
 -0.1645 -0.1844 -0.2044 -0.2285]
Ly_res:  [1.0988 1.0988 1.2135 1.3281 1.4428 1.4775 1.4747 1.4565 1.5258 1.655
 1.7065 1.6887 1.7277 1.9445 2.1945 2.1785 2.1626 2.1466 2.1308 2.1149
 2.0991 2.0944]
Lz_res:  [ 1.0988  1.0988  1.0346  0.9199  0.8052  0.6906  0.5759  0.4612  0.3057
  0.0557 -0.1943 -0.4443 -0.6943 -0.9443 -1.1943 -1.2193 -1.2443 -1.2693
 -1.2943 -1.3193 -1.3443 -1.3693]
Ldotx_res:  [ 1.6900e-16 -3.0655e+00 -3.0678e+00 -1.4198e+00 -3.5000e+00 -3.5000e+00
 -3.4873e+00  3.5000e+00  3.5000e+00  3.5000e+00  3.5000e+00  3.5000e+00
  3.5000e+00  3.5000e+00 -2.7818e+00 -2.7837e+00 -2.7855e+00 -2.7874e+00
 -2.7895e+00 -2.7922e+00 -3.3802e+00  1.6903e-16]
Ldoty_res:  [-2.2198e-16  3.5000e+00  3.5000e+00  3.5000e+00  1.0599e+00 -8.7299e-02
 -5.5583e-01  9.7119e-01  1.8090e+00  7.2077e-01 -2.4887e-01  5.4546e-01
  3.0353e+00  3.5000e+00 -2.2393e+00 -2.2338e+00 -2.2285e+00 -2.2234e+00
 -2.2184e+00 -2.2135e+00 -6.5708e-01  1.5726e-16]
Ldotz_res:  [-2.2198e-16 -1.9604e+00 -3.5000e+00 -3.5000e+00 -3.5000e+00 -3.5000e+00
 -3.5000e+00 -2.1771e+00 -3.5000e+00 -3.5000e+00 -3.5000e+00 -3.5000e+00
 -3.5000e+00 -3.5000e+00 -3.5000e+00 -3.5000e+00 -3.5000e+00 -3.5000e+00
 -3.5000e+00 -3.5000e+00 -3.5000e+00 -3.1983e+00]
px_res:  [1.552]
py_res:  [0.2741]
pz_res:  [0.]
Ts_res:  [0.2293 0.7293 0.7793]
FR1x_res:  [-6.8451e-07  1.7863e-07 -1.0070e-09 -3.0114e-10 -2.3505e-10 -2.3233e-11
 -4.9250e-09  2.1909e-10 -1.0769e+01 -1.9546e+01 -2.4202e+01 -5.2543e+00
 -5.9346e-01 -1.1786e-04 -3.7588e-03 -2.9512e-03 -4.3084e-03 -9.2376e-03
 -2.3407e-02 -1.0017e-01  5.1316e+00  8.4156e-07]
FR1y_res:  [-1.1213e-06 -7.8170e-07 -5.3635e-10  9.7205e-11 -2.4173e-10 -9.7342e-11
 -7.2085e-09 -3.5474e-07  1.0769e+01  1.9546e+01  2.4202e+01  7.6880e+00
  1.0578e+00  2.4033e-04  8.9497e-03  5.5533e-03  7.9073e-03  1.7135e-02
  5.5883e-02  2.4808e-01  7.1226e+00 -1.0093e-06]
FR1z_res:  [6.6393e-06 1.6689e-05 2.0116e-05 2.1437e-05 2.2714e-05 2.3825e-05
 2.5756e-05 2.5021e-05 3.5897e+01 6.5152e+01 8.0675e+01 4.4558e+01
 3.2559e+01 2.5924e-02 2.3191e-01 2.5232e-01 3.0366e-01 4.0637e-01
 6.7440e-01 1.4944e+00 1.2319e+02 3.3333e+02]
Second Level Results:
x_res:  [1.0042 1.0012 0.9996 0.9993 1.0003 1.0025 1.0059 1.0104 1.0203 1.0332
 1.0489 1.0672 1.0878 1.1104 1.1347 1.1494 1.1646 1.1803 1.1963 1.2128
 1.2296 1.2468 1.2775 1.3092 1.3416 1.3748 1.4086 1.4428 1.4775 1.4975
 1.5175 1.5376 1.5579 1.5782 1.5986 1.6191 1.6551 1.6913 1.7279 1.7646
 1.8016 1.8389 1.8764 1.8979 1.9195 1.9413 1.963  1.9849 2.0068 2.0288
 2.0674 2.1063 2.1453 2.1845 2.224  2.2636 2.3035 2.3263 2.3493 2.3723
 2.3953 2.4184 2.4416 2.4648 2.5056 2.5465 2.5876 2.6289 2.6703 2.7118
 2.7535 2.7775 2.8014 2.8254 2.8495 2.8736 2.8978 2.9219 2.9643 3.0069
 3.0495 3.0923 3.1352 3.1782 3.2213 3.246  3.2707 3.2955 3.3203 3.3451
 3.3699 3.3948 3.4384 3.4821 3.5258 3.5697 3.6136 3.6575 3.7015 3.7267
 3.7519 3.7772 3.8024 3.8277 3.853  3.8782 3.9225 3.9669 4.0112 4.0556
 4.1    4.1445 4.1889 4.2144 4.2398 4.2652 4.2906 4.3161 4.3415 4.3669]
y_res:  [ 0.0067  0.0038  0.0016  0.0001 -0.0008 -0.0013 -0.0013 -0.0009  0.0002
  0.0017  0.0035  0.0054  0.0075  0.0098  0.0122  0.0137  0.0153  0.0169
  0.0185  0.0202  0.0219  0.0236  0.0267  0.0297  0.0328  0.0359  0.0389
  0.0418  0.0446  0.0462  0.0476  0.0491  0.0504  0.0518  0.0531  0.0543
  0.0564  0.0584  0.0602  0.0619  0.0635  0.0649  0.0663  0.067   0.0676
  0.0682  0.0688  0.0693  0.0698  0.0703  0.071   0.0717  0.0722  0.0726
  0.0729  0.0731  0.0732  0.0732  0.0732  0.0731  0.073   0.0729  0.0727
  0.0725  0.0722  0.0717  0.0712  0.0705  0.0698  0.069   0.0681  0.0676
  0.067   0.0664  0.0658  0.0652  0.0645  0.0638  0.0626  0.0613  0.0599
  0.0585  0.057   0.0554  0.0538  0.0529  0.0519  0.0509  0.05    0.0489
  0.0479  0.0469  0.045   0.0431  0.0412  0.0392  0.0372  0.0351  0.0331
  0.0318  0.0306  0.0294  0.0282  0.0269  0.0257  0.0244  0.0222  0.02
  0.0177  0.0154  0.0131  0.0108  0.0085  0.0072  0.0059  0.0045  0.0032
  0.0019  0.0005 -0.0008]
z_res:  [0.645  0.6364 0.6291 0.6229 0.6177 0.6134 0.61   0.6074 0.6038 0.6017
 0.6006 0.6001 0.6    0.6    0.6    0.6    0.6    0.6    0.6    0.6
 0.6    0.6001 0.6001 0.6001 0.6002 0.6003 0.6004 0.6005 0.6007 0.6009
 0.601  0.6012 0.6014 0.6016 0.6018 0.602  0.6024 0.6028 0.6033 0.6039
 0.6044 0.605  0.6057 0.6061 0.6065 0.6069 0.6073 0.6078 0.6082 0.6087
 0.6095 0.6104 0.6113 0.6122 0.6132 0.6142 0.6152 0.6158 0.6164 0.617
 0.6177 0.6183 0.619  0.6196 0.6208 0.622  0.6232 0.6245 0.6258 0.6271
 0.6284 0.6292 0.6299 0.6307 0.6315 0.6323 0.6331 0.6339 0.6354 0.6368
 0.6383 0.6398 0.6413 0.6429 0.6444 0.6453 0.6462 0.6471 0.648  0.649
 0.6499 0.6508 0.6524 0.6541 0.6557 0.6574 0.6591 0.6608 0.6625 0.6634
 0.6644 0.6654 0.6664 0.6674 0.6684 0.6694 0.6711 0.6728 0.6746 0.6763
 0.6781 0.6799 0.6816 0.6827 0.6837 0.6847 0.6857 0.6867 0.6877 0.6887]
xdot_res:  [-0.0525 -0.0284 -0.0052  0.0172  0.0388  0.0595  0.0794  0.0985  0.1292
  0.1573  0.1828  0.2056  0.2257  0.2432  0.2579  0.266   0.2737  0.2811
  0.2881  0.2948  0.3011  0.307   0.3163  0.3246  0.3317  0.3377  0.3427
  0.3466  0.3493  0.3509  0.3524  0.354   0.3555  0.357   0.3585  0.36
  0.3626  0.3651  0.3676  0.3701  0.3725  0.3749  0.3772  0.3785  0.3798
  0.3811  0.3824  0.3837  0.3849  0.3862  0.3883  0.3904  0.3925  0.3945
  0.3965  0.3984  0.4003  0.4014  0.4024  0.4035  0.4045  0.4055  0.4065
  0.4075  0.4092  0.4109  0.4125  0.4141  0.4156  0.4171  0.4186  0.4194
  0.4202  0.421   0.4218  0.4226  0.4233  0.4241  0.4254  0.4266  0.4278
  0.4289  0.43    0.4311  0.4321  0.4327  0.4332  0.4338  0.4343  0.4349
  0.4354  0.4359  0.4367  0.4375  0.4382  0.4389  0.4396  0.4403  0.4408
  0.4412  0.4415  0.4418  0.4421  0.4423  0.4426  0.4429  0.4433  0.4436
  0.4439  0.4442  0.4444  0.4446  0.4448  0.4449  0.4449  0.445   0.445
  0.4451  0.4451  0.4451]
ydot_res:  [-5.0599e-02 -3.7952e-02 -2.6589e-02 -1.6510e-02 -7.7139e-03 -2.0208e-04
  6.0260e-03  1.0970e-02  1.5692e-02  1.7440e-02  1.9191e-02  2.0944e-02
  2.2699e-02  2.4456e-02  2.6216e-02  2.7126e-02  2.7941e-02  2.8661e-02
  2.9286e-02  2.9816e-02  3.0251e-02  3.0591e-02  3.0895e-02  3.0907e-02
  3.0628e-02  3.0059e-02  2.9198e-02  2.8046e-02  2.6602e-02  2.5784e-02
  2.4973e-02  2.4168e-02  2.3371e-02  2.2579e-02  2.1795e-02  2.1017e-02
  1.9677e-02  1.8357e-02  1.7058e-02  1.5780e-02  1.4522e-02  1.3285e-02
  1.2068e-02  1.1379e-02  1.0697e-02  1.0022e-02  9.3541e-03  8.6925e-03
  8.0376e-03  7.3894e-03  6.2757e-03  5.1827e-03  4.1102e-03  3.0584e-03
  2.0271e-03  1.0165e-03  2.6463e-05 -5.3254e-04 -1.0848e-03 -1.6304e-03
 -2.1692e-03 -2.7013e-03 -3.2266e-03 -3.7453e-03 -4.6322e-03 -5.4986e-03
 -6.3444e-03 -7.1695e-03 -7.9741e-03 -8.7580e-03 -9.5213e-03 -9.9508e-03
 -1.0373e-02 -1.0789e-02 -1.1199e-02 -1.1601e-02 -1.1997e-02 -1.2386e-02
 -1.3046e-02 -1.3686e-02 -1.4305e-02 -1.4903e-02 -1.5481e-02 -1.6038e-02
 -1.6575e-02 -1.6875e-02 -1.7168e-02 -1.7454e-02 -1.7734e-02 -1.8007e-02
 -1.8273e-02 -1.8532e-02 -1.8966e-02 -1.9378e-02 -1.9771e-02 -2.0142e-02
 -2.0493e-02 -2.0823e-02 -2.1133e-02 -2.1303e-02 -2.1467e-02 -2.1623e-02
 -2.1773e-02 -2.1916e-02 -2.2053e-02 -2.2183e-02 -2.2389e-02 -2.2575e-02
 -2.2740e-02 -2.2885e-02 -2.3009e-02 -2.3112e-02 -2.3194e-02 -2.3235e-02
 -2.3269e-02 -2.3296e-02 -2.3316e-02 -2.3329e-02 -2.3336e-02 -2.3336e-02]
zdot_res:  [-1.5009e-01 -1.2857e-01 -1.0877e-01 -9.0677e-02 -7.4305e-02 -5.9650e-02
 -4.6711e-02 -3.5489e-02 -2.1107e-02 -1.1418e-02 -4.6701e-03 -8.6437e-04
 -1.5856e-07  1.3436e-05  6.3016e-05  8.0282e-05  9.5500e-05  1.1412e-04
  1.3984e-04  1.7531e-04  2.2253e-04  2.8304e-04  4.3333e-04  6.3052e-04
  8.7630e-04  1.1718e-03  1.5179e-03  1.9151e-03  2.3637e-03  2.6176e-03
  2.8692e-03  3.1184e-03  3.3654e-03  3.6102e-03  3.8528e-03  4.0932e-03
  4.5074e-03  4.9150e-03  5.3160e-03  5.7106e-03  6.0988e-03  6.4804e-03
  6.8557e-03  7.0680e-03  7.2782e-03  7.4864e-03  7.6924e-03  7.8964e-03
  8.0983e-03  8.2981e-03  8.6413e-03  8.9782e-03  9.3087e-03  9.6328e-03
  9.9506e-03  1.0262e-02  1.0567e-02  1.0739e-02  1.0909e-02  1.1077e-02
  1.1243e-02  1.1407e-02  1.1569e-02  1.1729e-02  1.2002e-02  1.2269e-02
  1.2530e-02  1.2784e-02  1.3032e-02  1.3273e-02  1.3508e-02  1.3641e-02
  1.3771e-02  1.3899e-02  1.4025e-02  1.4149e-02  1.4271e-02  1.4391e-02
  1.4594e-02  1.4791e-02  1.4982e-02  1.5166e-02  1.5344e-02  1.5516e-02
  1.5681e-02  1.5774e-02  1.5864e-02  1.5952e-02  1.6038e-02  1.6122e-02
  1.6204e-02  1.6284e-02  1.6418e-02  1.6545e-02  1.6666e-02  1.6780e-02
  1.6888e-02  1.6990e-02  1.7086e-02  1.7138e-02  1.7188e-02  1.7237e-02
  1.7283e-02  1.7327e-02  1.7369e-02  1.7409e-02  1.7473e-02  1.7530e-02
  1.7581e-02  1.7626e-02  1.7664e-02  1.7696e-02  1.7721e-02  1.7734e-02
  1.7744e-02  1.7752e-02  1.7759e-02  1.7763e-02  1.7765e-02  1.7765e-02]
px_res:  [1.8692 2.1866 2.5039 2.8212 3.1385 3.4558 3.7731 3.9887]
py_res:  [-0.0899  0.2842 -0.0894  0.2846 -0.0886  0.2854 -0.08    0.1788]
pz_res:  [0. 0. 0. 0. 0. 0. 0. 0.]
Ts_res:  [0.1498 0.5116 0.6709 1.0285 1.1849 1.5403 1.6949 2.0488 2.2021 2.5549
 2.7072 3.0591 3.2106 3.5617 3.7126 4.0631 4.2134]
The  3 Round:
[[10.  -0.5 -0.5 10. ]
 [ 0.5  0.5 -0.5 -0.5]
 [ 0.   0.   0.   0. ]]
[[10.  -0.5 -0.5 10. ]
 [ 0.5  0.5 -0.5 -0.5]
 [ 0.   0.   0.   0. ]]
[[10.  -0.5 -0.5 10. ]
 [ 0.5  0.5 -0.5 -0.5]
 [ 0.   0.   0.   0. ]]
[[10.  -0.5 -0.5 10. ]
 [ 0.5  0.5 -0.5 -0.5]
 [ 0.   0.   0.   0. ]]
[[10.  -0.5 -0.5 10. ]
 [ 0.5  0.5 -0.5 -0.5]
 [ 0.   0.   0.   0. ]]
[[10.  -0.5 -0.5 10. ]
 [ 0.5  0.5 -0.5 -0.5]
 [ 0.   0.   0.   0. ]]
[[10.  -0.5 -0.5 10. ]
 [ 0.5  0.5 -0.5 -0.5]
 [ 0.   0.   0.   0. ]]
[[10.  -0.5 -0.5 10. ]
 [ 0.5  0.5 -0.5 -0.5]
 [ 0.   0.   0.   0. ]]
[[10.  -0.5 -0.5 10. ]
 [ 0.5  0.5 -0.5 -0.5]
 [ 0.   0.   0.   0. ]]

=======================================
           Academic License
       (NOT FOR COMMERCIAL USE)
         Artelys Knitro 10.3.0
=======================================

Knitro presolve eliminated 273 variables and 16636 constraints.

Knitro changing algorithm from AUTO to 1.
Knitro changing bar_initpt from AUTO to 3.
Knitro changing bar_murule from AUTO to 4.
Knitro changing bar_penaltycons from AUTO to 1.
Knitro changing bar_penaltyrule from AUTO to 2.
Knitro changing bar_switchrule from AUTO to 2.
Knitro changing linesearch from AUTO to 1.
Knitro changing linsolver from AUTO to 5.
Knitro shifted start point to satisfy presolved bounds (41 variables).
Knitro fixing 273 variables eliminated from the presolve.

Problem Characteristics                    ( Presolved)
-----------------------
Objective goal:  Minimize
Number of variables:                        2282 (      2009)
    bounded below only:                        0 (         0)
    bounded above only:                        0 (         0)
    bounded below and above:                2282 (      2009)
    fixed:                                     0 (         0)
    free:                                      0 (         0)
Number of constraints:                     33103 (     16485)
    linear equalities:                      1275 (       723)
    nonlinear equalities:                    294 (       294)
    linear one-sided inequalities:         31514 (     15468)
    nonlinear one-sided inequalities:          0 (         0)
    linear two-sided inequalities:            20 (         0)
    nonlinear two-sided inequalities:          0 (         0)
Number of nonzeros in Jacobian:           174329 (     76458)
Number of nonzeros in Hessian:              6015 (      4620)

  Iter      Objective      FeasError   OptError    ||Step||    CGits 
--------  --------------  ----------  ----------  ----------  -------
       0    3.587197e+02   5.239e+01
      10    6.398033e+02   2.442e+01   2.802e+02   2.855e+02        0
      20    6.988531e+02   1.000e+01   8.409e+03   2.492e+02        0
      30    7.354067e+02   5.339e+00   1.633e+03   1.502e+02        0
      40    7.280874e+02   2.891e+00   7.245e+03   1.568e+02        0
      50    7.013573e+02   7.508e-01   3.425e+04   1.854e+02        0
      60    4.602286e+02   1.974e-02   2.841e+03   3.538e+00        0
      70    4.479842e+02   1.927e-02   5.153e+02   7.844e-01        0
      80    4.494808e+02   2.193e-02   3.845e+02   5.250e+00        0
      90    7.357734e+02   1.175e-01   3.391e+02   2.804e+02        0
     100    7.543636e+02   5.343e-01   2.825e+02   8.460e+01        0
     110    7.705975e+02   2.059e-01   2.360e+02   2.025e+02        0
     120    7.813641e+02   1.195e-01   3.342e+02   2.576e+02        0
     130    7.896510e+02   1.183e-01   3.882e+02   2.715e+01        0
     140    7.899991e+02   1.183e-01   3.890e+02   1.105e-01        0
     150    7.928863e+02   1.183e-01   3.891e+02   2.535e-01        0
     156    7.898502e+02   1.183e-01   3.881e+02   2.952e+00        0

EXIT: Convergence to an infeasible point. Problem appears to be locally
      infeasible. If problem is believed to be feasible, try multistart 
      to search for feasible points, or decrease infeastol.

Final Statistics
----------------
Final objective value               =   7.89850160772795e+02
Final feasibility error (abs / rel) =   1.18e-01 / 2.26e-03
Final optimality error  (abs / rel) =   3.88e+02 / 1.00e+00
# of iterations                     =        156 
# of CG iterations                  =         24 
# of function evaluations           =        209
# of gradient evaluations           =        158
# of Hessian evaluations            =        157
Total program time (secs)           =       4.64328 (     4.643 CPU time)
Time spent in evaluations (secs)    =       0.35512

===============================================================================

      solver  :   t_proc      (avg)   t_wall      (avg)    n_eval
      nlp_fg  | 174.12ms (829.16us) 173.82ms (827.72us)       210
   nlp_gf_jg  | 160.29ms (  1.01ms) 160.21ms (  1.01ms)       158
    nlp_grad  |   1.85ms (  1.85ms)   1.85ms (  1.85ms)         1
  nlp_hess_l  |  18.02ms (114.77us)  17.87ms (113.80us)       157
       total  |   4.85 s (  4.85 s)   5.02 s (  5.02 s)         1
Fail at Round  3
Total Program Time:  4.8483
Accumulated Full Cost is:  10.5143
Accumulated Acc Cost is:  6.5627
Accumulated Momentum Cost is:  3.9515
Total Cost is:  819.7569
Terminal Cost is:  809.2427
Terminal X position is:  1.0042
Terminal Y position is:  0.0067
Terminal Z position is:  0.645
